1885.6157550216851
1880.6168525511864
1853.9524675616556
1890.3983832367385
1861.8206014950692
1836.9735987405998
2019.1909269402597
1983.389209223361
1964.7450989667173
1907.21167759355
1831.2575932127597
1925.0464510558797
1901.1630742071252
1636.9035949470765
1879.5089033438742
1944.7081298636006
1876.982854379847
1675.632390631865
1769.5840044980146
1637.1079847505998
1519.7071140283729
1354.0703874310366
1670.6133923520224
1527.710126971036
1353.4907326216044
1865.5220096840403
1557.9798066312715
1553.1244436166153
1505.1667752914418
1090.3379576232714
1574.5244065349452
1638.4336653612859
1293.8742576245327
1296.512047712663
1483.5709902368721
1394.5949793761124
1161.6771247004312
1541.0745228724595
1398.7668449003745
1414.8155472847347
1279.9656773002962
1373.6385940183045
1464.5359767408936
1315.865181678526
1500.5150290159736
1053.9936594419569
1234.0791252937324
856.0435054710115
904.6153088409383
1041.6408710150463
1045.1117301852455
588.2038219553242
1469.2667298432707
1320.3418267364086
422.9792206691818
500.2658994079429
295.7528600513142
929.4288863720258
711.0471164538585
697.4887700757236
1040.692205534182
1270.8330532774326
790.7565559843633
1460.5390819842223
949.3361194658828
558.2134941855766
915.6080826778598
75.94133560724003
1112.4641225345385
411.2846563845287
1277.464674406673
23.617563949722353
789.0890742452284
945.2827345145506
799.979792361436
478.0948798140107
487.5513651855008
757.3795693805178
912.9261926887966
269.94411818682875
756.9952794299006
803.7734248089946
1022.2570102944237
1303.721477948141
553.5226853387721
926.623161325304
321.32506905712125
-27.37696441726257
239.70473335830138
1125.274612160989
471.312459134394
125.06588782283507
864.0591399970581
588.4816179522331
1531.132670434502
1073.7033458897458
1514.0271280194547
159.72219924442652
842.8004345678355
1041.1997811713645
2152.3024838676
1840.2033920443382
1961.6023334084557
1578.695995797867
1838.1848399485189
833.4089639754766
1196.722210335929
966.4809199819429
219.21763427776386
1450.6210109632684
365.64228450413884
1123.3638267636452
-79.03645520250211
1024.6112931163998
1006.2181235855842
-278.7885246846399
412.9187378493607
1114.8652342705927
964.159318066917
145.02715853332302
-244.13294186336134
513.6799319055008
296.83407644883664
327.0645129237055
-384.11698179877203
125.52480985271177
67.00551216906024
278.09115406600904
466.8636991222229
-687.5022195046568
-602.3721069963085
750.2701187911935
684.6258081720352
-992.0449194951179
-1894.7233488098263
-1324.5688960418665
-564.8338562780991
600.5262196586646
-781.9058768219729
-617.0642853047757
-886.2166400120859
107.37518785838802
-527.6046305500877
-895.1004083508269
-774.872447283673
-350.3679878847797
-966.210019002745
496.34055172923763
-974.5098215572325
53.134141582417215
-14.79069995581267
-651.7765377675205
34.06575463943227
465.4009643438567
-75.30290651111136
224.94326511097643
-330.7168880896079
-602.6303878422641
-11.755123702021592
-82.176736720794
-677.4678024871882
321.5487840657279
173.27484930419632
-569.8842549830824
63.48048713476601
-189.85684282629882
-238.37638868641807
-582.3280240581644
636.6343470315624
-141.9421678552626
-455.71479768165045
-751.0419184573293
-987.3926159033981
-137.27156955955252
-466.9787721799821
-1024.0033274009165
-1011.724338313883
-37.869284868585964
-257.11491085442503
-301.4469232097017
-647.1486075586072
-162.8575102502091
-690.8352382554385
-1032.6560709632759
-793.9978731709725
-633.5984705208848
-1096.0893330709914
-621.1754226149442
-12.898344608707703
-1017.8146640324903
-1456.113368416136
-766.0414752803681
-632.3348712700736
-521.2115600183752
-602.9429058302285
-804.3252334019489
201.0943873334436
-507.7645625572404
-447.4779416331112
-692.6710111936409
1173.7598222791003
999.7581292516033
1012.364649623858
673.775700905413
1118.0190590497223
690.3467569230143
556.2560899831296
167.84952630622138
223.17916366539794
255.83176767680197
415.3804058213409
133.3043145295087
733.254384082371
-228.24530542148023
-350.4286510541351
-624.6017277666706
27.80116155581527
-189.22670242212007
-242.69063330557947
-196.0392191479241
-589.8783941342135
-565.1130276610184
-200.44652122698608
-529.5088261791789
-159.43183984792086
-233.45917310829464
-120.35693425236786
-453.9778727158282
-521.6316242747962
-421.53676911221555
8.48509894669587
19.422863314253846
-183.58769737737202
-338.2555759122788
-307.3799013758653
-676.9544047894615
-280.24975741038907
-100.51626194520031
105.2258895282921
-348.06014003134806
26.899924408719016
-1145.1681470247586
-186.4320429682084
-380.82332297025096
-281.90155319231235
232.5146411470796
130.4455367211649
-204.81885077551487
-215.75547217901294
-160.66184247332603
-494.96027493401925
94.97641080727954
163.37893706540854
100.88188441526472
-403.3231714719677
-54.34230135538564
-308.5525540603903
-731.3073033085038
-807.8879507710062
-426.44049225603703
-449.85305976775817
-973.7226840085204
-340.71374703063157
-723.1343843403538
-937.4667984095668
-612.4680552144291
-255.63897531508337
-1052.0550702351193
-698.2754276292399
-1392.1197807577082
-1093.938033274504
-1025.973858491585
-337.49446925364646
110.60876837736032
-69.37441722627955
-1072.260337142783
-1022.7227704021661
-636.056247923836
-1154.0126920854145
-337.10651064080594
-824.2388107599327
-721.2605894720782
-205.65192027509693
-186.76657847577917
-332.0867049823137
-284.9801057186669
-789.0660183307282
-653.7361933565517
-433.526561325345
38.738927128184514
30.819199344350636
-223.84155525105962
-260.69903171051374
-163.01176472174302
58.22093939561091
253.5372345873875
-297.4033204828502
-712.2335122647364
-300.1483039210507
-636.6062182177066
622.645739557116
660.0991796167364
595.3766020779276
445.96984629875806
431.5210040918737
251.30709738007317
-70.93839657132048
199.80353506210304
-307.9512105158301
-129.4195503961837
-311.040825176573
-370.2812505783477
-73.18163380057013
-392.0326415273994
-25.35927823199563
-734.2732035587887
-349.41632347243467
-623.9581804684512
-256.80586586456775
-241.32503675639236
-978.3765220106998
-605.3366422411382
-558.2024917301951
-433.1302759544651
-720.4719337696279
-670.3624387966993
-911.09261245161
16.633717302078367
-167.93484611222993
-605.9306176677019
-536.6185790361887
-208.0712973994414
-536.897154375738
-285.9389582282456
-235.47885764378952
-851.604310995679
-70.70912088928526
-301.00966115950905
64.3492098413135
-46.154678374781724
-705.081314521236
-204.87454594058545
-482.4972584203242
0.18999821094075742
-562.713124953807
-449.28444018578557
-205.19202191048862
-1086.772230177885
-546.3106288336276
-406.48539139481
-172.72540208563623
-44.04508060034277
-483.3296248584011
-298.24387545515674
120.46515503256342
-236.07118993108088
-205.11689884186126
-287.653593165247
-359.6373552476325
-121.12622945633484
-815.2264090082226
-220.0009852370622
-471.5361678595673
-60.45831041333986
-716.9659075380896
-335.49891962356014
-115.00993968641524
-639.6013563310153
-676.3960855578971
-411.7326745702958
-643.9073358769037
-350.4024884751998
-141.10139867966063
-441.15245794042494
-632.4703278531779
-434.10422196121544
-155.64398897766478
-438.0720180526623
-588.462827397927
-361.0503419450688
-549.8276047436066
-36.0969691124501
-41.95305025838206
-43.53862330099764
-147.67795953970744
181.76313566370663
339.4942403586083
-660.9572401725491
-270.6153010762155
19.90054442931614
-497.58184817081565
-109.4045627860196
-685.5616971133386
-40.207969603116
-62.207008877385306
-59.459247718385086
325.3058816920966
-390.417077697497
-317.0168302395814
-370.31388686889477
381.4286945909407
450.7325629122515
453.4719125016836
396.0267459991501
576.7072154190882
342.88585607129244
222.7848742890219
-158.61527455525356
-142.8673977461276
-217.98175611423903
-148.54796767199878
-207.6130682048315
-342.3661100122208
-396.3343617585342
154.9386670465865
-284.82731307847826
286.04829870831236
79.98198281186706
-332.7929253063703
-129.85997210959067
-52.67924202950235
-122.40439137302928
-38.64359946930199
195.47313127037705
-433.6027213523048
-283.8519461875949
-307.52870299303686
-444.1044877606655
-323.061699826525
-263.3250136878887
-561.5809598435553
-285.5903206235216
335.4723038439606
-567.4641523541104
-396.39264976465165
-431.8582953348232
-155.5725958406656
5.813286215439803
-660.977974536725
-7.847215290930762
-659.2947874722122
308.4079944460773
427.365447987906
-67.05524519247592
-410.75790661318933
-87.8666792666263
-631.719533132291
-112.7520208457463
-311.6927022569944
-26.19405283758897
-557.148640211768
-292.65312702809206
-203.14341547112417
51.33366249583014
-131.66307437591422
-423.4728858494036
243.0933410717771
381.7362090380175
670.6908141993081
-42.202404380943335
-107.140109170301
-443.35307567476775
28.900720823303345
260.6897280035664
-526.863025178518
-143.81933104281416
-330.5312586399559
-182.64203743658618
-383.74292431571484
-232.20470539182497
-373.0201519166458
-231.24386220948873
-287.0048413717104
-167.20918724058174
-222.57293375143672
33.666481368512905
211.24450242016064
121.65580597878579
331.27038399510457
264.7808211723459
-56.174133139642436
160.88718884696937
-467.43933560436017
-562.9128572531208
-448.02128532389906
161.58897935571986
-794.6997894450597
-222.4442108056919
-294.7879396064509
-13.939502446710321
-528.3542534165335
-307.7890728807615
-9.835120585492405
-351.1597111578467
-609.9831828411316
-159.0337659847737
-241.1011498752141
54.56653942279263
-327.492160634858
-343.6675568336068
44.47725921995698
-14.834859038806826
-226.97088033336695
-186.526425027987
-70.42883130545852
-227.91766892821033
92.726541506383
-282.8947140739001
-333.72384783106827
-315.73912581607146
-456.10445541234185
146.98406991869888
-532.4671621901107
-261.3196400274592
-281.00008012378385
-578.0819534278198
-339.44077220146755
-271.10523005313917
-87.42961853719498
-187.60915402270257
-470.98820488547244
-48.356039855594645
-99.9280494525101
56.09755161490284
-267.127326052876
-402.8123247282401
143.15720075356148
-462.10781558930466
-516.0214446622158
-376.5375176813577
-168.74701633329823
-159.6217407684835
-414.9286256702617
-183.75244853866388
-436.1286780248156
-331.9458152293737
-113.36014893326137
176.45386682439675
-401.62446362565424
-265.99320833047386
-271.66723682333577
-329.8615299961548
-234.34288431510322
-302.70544913424055
-218.6358378308032
-284.23442615709246
-236.12776913947164
-282.9912886636448
-226.6959637639302
-269.1651292651077
-132.12425281048854
-96.85167059806008
226.55839336188
-435.53708844622633
-249.0000294464935
-250.59225744918876
-228.30126196524543
94.49503063014527
-199.32333301856306
-10.213518292795925
-176.60574638680555
-178.3204508700328
-445.82619112231805
17.84437764905124
-361.78720439933386
18.965214904539607
-129.54429639214868
45.194059919727806
230.54635859686277
-11.849330696722973
-198.15126098870314
-260.84170551307034
-112.73755270330003
112.36574640062463
-454.75757429496116
112.56515081847465
-443.37888620936246
88.35527792497305
-400.8139571247975
59.16697983958147
-97.81754545727927
23.480916996502856
-403.4125134180031
35.94456706280107
-332.05439793242294
21.714961028370453
-318.03231775617314
58.17421340081637
-282.1582135482222
27.83562324428931
-265.4787872138295
40.85609408721393
-272.95028398285103
37.159821238250515
-229.05608244784162
57.104824123336584
-214.69376975130217
5.489104213882456
-219.1629928098937
84.33685292381415
95.37998321479972
-248.61379400374608
-284.9267659354882
-158.00294109533934
-192.05370341552043
-238.99606534157465
-214.4057102493298
-201.80652146429202
-225.7358659428628
23.568696502888997
-199.18158387665244
-121.42081119958493
-84.08214499400128
-315.0809387279314
-79.77902799447111
-62.648013043432
-252.13816852835953
-58.66888631482652
-226.52525214533853
-108.15771839767876
-245.16070758248134
-146.40100005406384
-56.74069635347587
91.21513730613151
-198.2814803128258
-183.85029401347674
-30.707610419298362
-219.99891129969546
-13.027239776083661
-192.85963917606023
-17.18379239661226
-182.96458911457194
10.536303412465713
-249.88862265649004
-119.6390432031767
-206.74424941973484
42.62320996775816
33.172104904353546
-235.64572187176964
-51.00196485942615
-89.82464125800652
-246.4027279514412
-171.92578980023063
-131.15675692340665
-272.1401043144706
-102.95217009056796
-199.76169822457268
-204.05139642564973
-84.94038299644853
-230.97638908350018
-111.92688318111323
-63.3521872321744
-11.744091965334519
-234.98099802357137
-95.1459059101544
23.252791902399622
-185.06356433834844
-232.09845581876834
-115.62317099885513
-134.47234219094207
280.3463893800199
-582.4402941833032
-151.004084265016
-298.6066797912172
16.571588127211726
-252.62623250044817
73.18556466364134
-76.59569817772899
-209.31558425912954
-25.174377841569367
-217.0431492576754
-89.53269926139546
-44.730345534302614
-170.93287734111436
-158.61675471302624
-89.34030964821795
-206.58589516731627
-121.00810741615533
275.1944406281509
291.1356385523886
273.8232862923942
-566.0609035515718
-101.70780049944369
-139.94372355149244
-268.1537961629838
-88.70622315472428
-234.2307113632778
-77.27430465474208
-221.09724455338437
-147.94747816987365
149.4255376702804
-107.87263186631026
-195.64705587572098
-135.83232299029805
-9.047048858275957
-275.6140527198477
40.90430321576969
-243.5305909571871
-23.14203432425893
-13.10002827518656
0.43528020350277075
-32.16269799612928
-284.33221467380645
170.44751691953752
-247.27066856136116
-116.92765621383842
-101.76701415023126
150.2982915923676
-320.6707115245026
-135.0917840905604
-18.76659335725344
-85.55774632094472
71.40084653901795
-114.93564382628756
-126.79726946154369
-120.79496994512738
-31.340848640138574
-113.90973004177249
-98.90530331360424
-112.62768310278625
-122.53313987559886
-37.9652460305515
-77.9147299869328
-124.9836072023918
-86.24923149568531
-130.976860298033
-94.63102568071918
-134.44028708272708
-44.12772227744972
-45.064890830131844
-52.89427715220336
-14.094103939629349
-37.57627378667712
-20.768629587275427
-46.098742705162294
4.60201689135647
-30.089340356529647
-5.529601915204694
-59.22417139342542
-39.07867609868845
-15.225956228227005
-116.27838070901635
2.399865545658031
-60.24919229745137
11.947269842603419
-58.33416743199814
-14.984681989850287
162.69497065548603
-183.65810874810086
38.81708358990545
-14.429035705832575
-89.78751129236116
102.17393796028045
-20.019501413973558
-31.268119565731467
-14.19044729682173
-27.86928062800871
-17.46803513665145
-43.50778287400135
-21.005024598713135
-30.71585024691558
-32.766615948810795
-47.219106057204044
-1.8330988589550543
-38.27840339864997
-13.104304208214671
88.90677808676082
69.96106404621969
-62.90536279742446
151.8366494568436
-278.4403512942481
-16.662995426591806
-61.33384584739724
1.2564596344582242
91.0944283712106
-72.10325053998713
-8.172528946566672
-42.921305816158565
-23.321079949113482
-22.906480960904446
-66.378927771897
-37.38047269245362
-49.46094761438144
18.34790215987232
4.900847519549643
-21.29120192832852
0.6408739418038749
-42.47376750098192
-32.1768995743696
-114.32201906427144
-94.39140299523933
7.484692369378536
3.5507383520507574
-92.94420048458414
-70.03813816093498
-44.39755589000015
-65.04242199522378
-24.13023937692924
-58.45467709514014
16.17170640531731
-56.46553724592923
-135.3019601493288
-199.32033950610275
-68.43931989554767
-60.73608355635588
-65.41283625090546
-29.45232042758107
-37.41797488322118
-45.65063288385318
23.29504975679447
-12.658734991597157
1.9894947019547544
-56.93251174995021
-57.65804815622869
6.789499528873421
-93.93500843794027
-20.97889193854644
-119.28051067585693
50.592534003124456
-108.78310586316911
-23.885970927274684
-113.1692231436482
-88.44000588229937
-130.64573980089153
44.87347118542857
-92.43390562467175
-16.32271458766445
5.32664135831692
-81.58600108892642
21.487863115487926
14.003610625004512
-42.03881443885621
5.738977426282872
-42.669120124701294
20.061609882575794
-5.0096128631266765
-17.523093682739272
-40.66345955133875
11.031215379964124
-32.49464594068559
28.681353979569394
-24.6093566906693
-27.880599340507615
122.79151790305878
5.385287811224771
128.63669090292206
-73.63231228016775
98.18696066792654
-211.09222703975138
14.987756504282515
-50.36071505800646
27.63102684579644
-37.93808494971745
-30.173466860078406
-52.45032884310058
-44.29239935442092
62.31960746765617
-40.560983107061475
-98.81969984502393
-42.26177910547267
-42.502250477506095
-30.51483103823921
102.87057332318545
-182.48231880900676
96.8942099994947
-171.68975703851356
92.5048225718001
-161.76090570268025
79.13178439015428
-157.19125930067457
86.71700836645687
-143.95606153496192
-48.39006439933837
27.214350676915274
7.657236935392575
103.26359946687262
75.90610551746795
-161.00331692985492
61.33974278650567
-161.31758563147378
69.19530726762787
-146.74299303532462
62.33189439152011
-138.16603850810316
-10.15568121947581
66.62961025796176
-115.47546380133826
65.75120450748545
93.86207108938288
-92.3181857440868
-8.455023176518807
66.60800937246495
-99.80145350218663
45.86741616654945
-89.89054745913381
46.24502437413503
-78.30571046742443
49.29034111837245
-69.99959485927502
47.17574189264269
-68.680746471151
-46.98849146759494
-114.45909809169098
-37.97921381021297
-52.1880078972772
-106.27290967337285
-55.32113719089284
-101.56881397775214
-53.51460335970842
-98.34745742211089
-54.46639707893701
-98.77813211629109
-56.80382882808772
-92.08479914210511
-55.58403268854636
-89.24517611502415
-58.487736353912624
-85.35469352073778
-13.113619819767337
-87.42080838257789
-52.29707857291942
-89.91550109568925
-49.00209220829129
-12.121812587116437
-13.649618546716738
-41.399209049370256
-9.945741007051765
3.8202864120612503
14.286874256071314
-42.26471883246995
16.226023869712662
50.65850247756498
-49.04852263583234
45.365024866237945
-103.81214478367838
-9.874706225964474
-45.0589143520574
-13.813370749385285
-37.962694060015565
10.041303829557364
-11.218558809950991
-3.614059069672294
-58.889560161098416
-22.180952169104785
-55.47051507487595
-26.10157588301263
-51.27505757367726
-20.18381352882352
-45.2826397096469
-15.713145940531831
-42.457791935399655
-16.43090539347395
2.723222023158087
-4.976713382571688
-37.544299631956164
-41.10817378564934
2.942203341739514
-36.18400398097219
-9.542105930413527
-24.544773286797863
-70.48809649468421
71.66754754467729
-7.5781537509410555
-21.59991409840586
-4.501569165910041
-20.76620690322852
-6.872639160677863
-37.051861526832
-11.358540566518059
-38.47274282276521
-16.1077386518773
-40.17386757488748
-22.056530856209065
-39.137760160354446
-17.826321434278725
14.753426973082242
-42.35043206802584
1.3175593742198544
-25.313701901543027
-13.35660322685544
-29.566269075789023
6.57405440299226
3.4183580436856573
-31.185133133954878
-7.495923466285603
-51.663274283271676
-8.11807055412828
-49.62766127188661
2.969342794176555
-51.25762814061818
-0.251001150250886
-47.63219193134137
-6.4497854508663295
-53.18878741945991
-3.942850600094971
-53.80428676833435
-8.01215747121023
-49.90721420746377
-7.2533621234561
-46.33064098736941
-44.23860665569555
-80.26843581148933
-75.21610760485964
20.324218796878995
13.11791840459955
10.941004599460939
44.47366446237902
-0.2155169162324455
20.863967987748765
20.310615505475653
6.757274612426045
-22.771960496185784
22.149958758922367
2.475806703647322
-23.359429839512813
13.850952056314782
-35.70085298574304
-36.48345489146595
-6.101270812829171
-17.040149214113626
1.021665034646503
-44.39799930347908
-4.239028506173781
8.707646749189735
-18.013010442147788
7.470673020960021
-21.20626682256443
-4.971117924702412
-30.616451722464262
-15.077414814319127
-23.768221094458568
-12.18633683902408
-19.743432727878826
-2.2990952031395864
-13.929104279415697
-2.473081703792559
3.2913970715326286
36.765062515843965
-15.113545532381977
-25.74804861821758
-9.171873373692506
-7.26980357236971
3.4097439404486067
-12.648461108747142
-15.650266753993492
-8.957789208421673
-20.51115909809232
-18.870274512342803
-25.3672336372656
-12.50971433999075
-24.924116111464173
-2.817269964310981
-19.85853469873109
-15.155967458533269
-11.136643314348476
-12.825368128418631
-25.313272983506977
-7.4512031666836265
-25.029392348673355
-15.416691670872751
-18.47605608341655
-8.328377621206528
-15.214425066338663
-11.087254784879406
0.8133023180125747
23.258661577094244
-25.20517296860271
-13.979118838282375
-18.096141441274085
-10.87364735173469
-20.366798827099046
-53.11093369630362
-27.431170243173256
5.065542475773327
-33.27596723159513
-40.318875208427926
-12.214096656098263
-12.954538206271536
-15.147917495949514
14.114140368268636
-13.262508688119851
12.103128292870679
-13.50660609462102
8.880421371544799
-22.278641977902225
8.373194523626807
-15.806295910699191
9.654067279907395
-18.933316714166722
1.3117102382748271
-19.715676849840747
6.127925040120317
-14.923436292174301
4.94415217536698
-14.087842479231767
4.763589612339274
-6.812123583222274
6.683005547087305
-6.483857971919861
0.6118098865008506
-1.1466889065995929
-62.68775828925209
9.16459616132488
14.451731524508432
32.92670118998103
27.3656936983989
-0.604666173701844
10.707960522422582
23.007252267609147
-49.54933696869557
14.967539908095205
-25.982336643446615
12.36942496701704
-10.186456874531359
-33.985299478339584
-9.511045245564674
-38.80749134271355
-35.686594809119924
7.573756204266829
2.960372178167745
-12.153600433384781
-3.4263577318506577
-6.474531632209619
2.58484943352596
-1.892310321196419
1.9947033822772937
-5.804311277326633
1.6390669983848056
-5.304362518016205
4.034363956297966
5.3708214655998745
9.924159232150487
7.762197524214571
11.355226235667942
3.055236759579202
5.805269329999646
1.958460928988643
7.180905605746375
-3.3592768339422037
0.07329420764472161
0.9411907348567183
-0.8132208573697426
0.9541926496349333
1.775898837899149
-1.0967046745881817
-1.5766758492845838
-2.0368511883407336
-0.32768551945446234
4.174556009880689
-0.5979274665533012
3.268398668986265
-4.356564431331208
0.9605876927489589
-6.0704777242226555
-4.498522634208712
-8.759128532077739
-4.19099592648854
0.6291320963973703
-1.6318256937138358
-3.223824057075035
-5.073085135805741
-2.236745626458287
-15.962063138842495
3.8117948611634347
-20.454960496426793
-3.2437817586323945
-19.975490184207956
1.1459675768091984
-16.68515272517834
6.894563979476516
-17.2175901046121
0.6583380488027615
-19.521678052882635
7.2781601230653905
-11.946938524466532
7.544845143609564
-15.263608933368232
-6.272354196104061
-20.470741461158468
4.252893719653002
-11.789171338456072
2.394489977246849
-16.141785283534773
4.097308687560144
-17.520880777927232
-8.085178366782202
-12.612894193925968
-35.32336164071057
-9.346137350239587
-20.913383246812373
3.8520801855265745
-31.09725267660906
-7.345267706783488
-32.19811901048888
-9.841567854587993
-26.756624027109865
-5.596253203226297
-19.655159748201186
-5.656941733592248
-16.371780117777234
15.888371695418755
-14.955730893174405
39.00755200445201
31.162493495749004
21.22367301151462
26.651294456461983
15.950465134095793
2.759798045914067
-21.981250941114922
-6.743720731328722
-17.42586327639401
-11.256596720742891
-51.496565402512715
12.03373745206045
-30.436561916869323
13.820396202629126
-10.113728735839686
8.449118145999819
-6.642633449780988
4.9892017778929585
-8.628405208299228
26.74287756562262
-16.01764843991623
5.965903886090018
-6.997046502197918
7.375149305182276
-9.786481495317275
5.3129558272557915
-4.664932649993716
5.545676108153202
-3.845044861380302
5.54916319770382
-0.986575481165346
0.7547415876197192
-3.0525295609331806
-0.34985130085988203
-9.851095099991653
1.9659939374123496
-4.698976987669084
4.812722385924644
1.0560281424186542
8.43550622539442
4.544588595750611
4.604558624387209
-5.657707483862396
3.308600840733561
-4.733862843086172
4.259513842742308
-0.10103592665473116
4.985438005234755
-6.351841163725112
3.830133857389228
-1.7075271201356372
6.091635068418327
-0.10559943439693598
-18.619289900430886
-11.388623148188344
-18.263094206206006
-14.99232685107745
-22.046044874336076
-17.3141773206371
-17.04962770748898
-13.03213339852664
-19.63076275260937
-13.509846953957094
-8.66782364019491
-8.316823773488068
-18.412139045412914
-13.001644793499509
-17.74679092444967
-13.270921690818795
-14.186164913857283
-15.025022327337865
-19.41691886767694
-12.034765797812724
-19.319201206279104
-9.866259779277243
-19.939305982959922
-13.45292118722864
-21.43993031163518
-12.482455097891943
-19.335969206045775
-15.447757492875098
-21.657304604823366
-15.101047602665858
-11.171096863923594
-16.79341645549539
-9.809744828504336
-16.51650815935136
-9.059867822979868
-14.704244340786317
-13.56646862195339
-16.127479025615685
-15.027697570685632
-13.398217829073474
-6.686840476510042
-17.993224630117766
-8.50446235661002
-14.047407464369826
-16.5707555985191
24.296056520337515
66.36686454092342
39.82251248628745
28.589790854233797
10.356656937356092
21.63450971041493
12.293991989959977
15.337678636749843
13.418427865466583
1.6908748319838196
-0.20709823744437017
-22.15936956130281
-0.5851529023148032
-10.84939373528141
-71.27367200390472
-5.282464926207467
-24.515756540820803
8.793058393468527
-26.597051604705484
0.5603235159360338
-26.093470307685493
0.2866890377354139
-26.320897652130952
-4.317642217341927
-15.070821114526552
1.1322204184434668
-22.821586771657167
1.5310638664050202
-25.939687275427787
1.0445903952859226
-24.056968270229845
-1.2216722999655758
-24.119105804991705
1.4258371206924494
-20.60865683871998
-22.451443518400993
-14.103892589137104
-2.6707064229231037
-21.168029249873143
-2.4060102532985184
-21.223157187352626
3.9439403360265715
-20.32196617812042
4.367678736558446
-17.86223436460932
3.5070783645405754
-17.006101825021688
1.4027381395208067
-15.285109235217533
1.4334475780215143
-17.29098568898189
-16.099211698718136
-19.61026448395205
0.5150496323585685
-17.307337912025105
-5.02065512606714
-17.93478399572632
-0.8563790570933634
-15.586277005908414
-74.16606780124312
-12.629797523841262
-2.478234211943345
-14.527196934104722
-2.328973890380439
-13.985218393439936
1.2441957518331037
-12.634246875006284
9.003974920433393
-17.07473793554709
-5.081446533818962
-16.746001726802206
-3.7126675485615124
-30.596607860163203
-4.580301678266551
-11.97009020927726
11.045781692286255
-13.786663004264483
-0.23467482948581164
-12.741769971149552
-0.4008234123048169
-13.143325324508623
-0.9756273095372308
-12.112171175142066
0.7474678543730988
-17.581554078238696
3.5248002441585413
-14.69346907986801
0.01987675406053313
-14.151913534344203
0.181614756495037
-11.711696589247367
-2.2269274916779978
-13.4634073217876
0.6438880375499139
-51.200130797053134
12.686389459482598
-16.608581701782896
-2.32857985746341
-14.80474374457117
3.1067582429877802
24.672283914236687
10.927063262080992
-6.4163330345709255
18.500426555452577
13.75424070801273
16.121398582279653
-4.578853368055206
-54.28386331352158
-10.711185468007898
-18.674352371832356
-19.08978647220283
-9.70985676737837
-0.7284177780966274
-10.018596565669213
-13.475565218590418
-10.484271370940405
-12.09091469941086
-7.881415851581551
-9.519075427950156
-22.98322165161335
13.055844711836471
-28.879964193007254
6.1055783549491025
-34.4282364967421
4.089929296231276
-30.326295401147945
3.5938556326073012
-26.685343896035192
9.078704177500185
-22.487807898331084
9.041830317617496
-24.14835085714185
8.74490588234221
-23.52950359879469
6.559169130263399
-26.646295047528838
4.081520976371394
-30.73670874797972
6.908622227754677
-23.462300804487313
8.43436197731171
-18.37628898785806
13.728965437319857
-19.79746088820866
-23.639302216912256
-29.660405155102126
10.5424046625958
-21.974153311388363
10.662977148962455
-18.683679308331193
10.608156926269658
-14.10869563308006
4.967934848000368
-18.04609142703157
7.451810637867311
-11.881614511867156
2.9926741351500823
-17.369498235637366
3.5154784254355036
-16.12696706479437
5.3613965618933435
-21.88291203929839
2.498223437811248
-23.792083378993993
0.08113345333367761
-20.229444868115024
3.527529433824384
-21.508593617372753
6.204035975397346
-17.47035007964587
8.736266826674182
-16.49703279761343
3.935169298116307
-17.54311145630345
8.455462667645406
-23.116512415597754
7.252513163226467
-23.488791839215992
8.388113871664245
-15.299908241750018
9.145162137414445
-16.163697516745742
7.237903107821694
-15.677958015619879
3.7363469562169485
-20.380198894037676
6.827623415263588
-16.764725294073287
6.9946808189615695
-14.356326468841871
9.208298294353881
-19.442640437282535
7.1033202148446435
-19.689525683694228
10.099637501478355
-16.94885247046477
5.039408998669387
-21.21248148993618
5.5970161676577845
-16.387581330338435
12.638202063979406
0.6425110869167838
-9.085496291058007
17.1852811193221
-2.5294076208265324
18.26656224440012
16.764182216176778
-52.552569121833585
-10.02891928916506
3.1996049302233587
-49.541064459555855
-26.04606102712569
-3.8139035027725186
9.118493243808189
-15.88762242755547
-0.22208816413694876
-1.3058722927435156
-17.83511188835655
0.7926459304871969
-17.4311495531947
0.5994069472071715
0.6046535614332242
-6.610112741756893
-2.4505765755893663
-18.732153160448433
7.548508931160541
-4.00910764069522
-60.45165696347976
-6.8646021986405685
-21.07848727396413
-20.610942946483192
14.760966117863063
-1.3304748465197918
-60.94106498600922
-2.9727971669744875
-60.86317820621298
-5.339159937486329
-60.76245223944716
-4.551587773965366
-15.422363748155476
-22.296577491626522
-16.61126658842295
-15.660672845582667
-15.518580323181595
-14.83746880563558
-16.08171855339242
-13.768096731453625
-14.44309200254429
-14.618795992462765
-11.116029620161498
-16.921055534186962
-20.401575391973893
-17.829926567706934
-16.52189936486502
-12.279992724803378
-19.333461210000678
-11.468210026136148
-14.839779613783321
-13.5191143787888
-18.385746337236924
-9.919024043849276
-9.470821032011372
-12.091883507735474
-11.831442450575196
-13.690296845210469
-16.690986188277748
-13.688905465593052
-17.273833661412937
-14.506880991022626
-16.17886601158898
-10.863280271229087
-11.778740640940669
-9.079249915514083
-14.883927821938414
-11.206275111677314
-14.380414404098701
-12.119283161442581
-8.268445229883582
-15.417912606813843
-14.869459871735671
-12.278119969330874
-10.6527704914497
-16.318702135122294
-1.3355689672516746
13.38356485636541
-5.281227061082973
-17.273368090987788
-13.521973602793878
-33.70545002419567
-28.020889495985102
-14.199422703828532
-9.177238890379158
-28.47159115717841
-26.609736149721357
-29.90768679026405
-25.612077042671444
-9.46331751116304
-12.910083446868157
6.29990759330758
-10.337704099250914
7.545126114200684
0.06476707220099343
-45.15044072585624
5.478298130083203
29.951471398588183
11.97786075514341
-7.484095976456956
-60.724607226789885
-19.60331930036955
12.297535944911942
-2.2487511364197417
6.438487612735116
-9.219062206098897
-7.223925564343517
-2.2778343749923806
-4.150698356654175
-9.229583822596396
-12.910283905468532
-3.4159508298762375
-11.947649726609598
-0.6962918955323403
-11.859913977910765
1.030266965210103
-10.444073359154572
-1.8102773449227243
-9.501718851839541
-2.984557631525604
6.4523435115424945
-11.00193199451678
6.807982763806649
-16.641411574557424
3.580277006743927
-46.007975966280355
-7.924773854720115
-14.924179668372744
-12.498363131107908
-0.5968876023143821
-11.18061365696667
-1.1239631923690467
2.739533880720046
-23.841746320747916
-8.17959056069958
-4.8465609318645875
-14.723952584019571
-5.12997882761556
-14.805201825385666
0.8086680932538002
-11.090832101106571
-1.5568368160402315
-12.016015247469113
-1.2761528901173733
-14.254377119888886
-2.893399871940346
-1.1489128969933518
3.272860944902277
-12.698087213402687
0.9042667467874708
-8.323186159157558
6.227671628184908
-11.1704470915829
3.670248308333612
-6.9520567545696395
2.1657722670279327
-9.773048519778968
5.129525740023382
-7.405293190624434
3.2958877359269536
-12.164652884279349
4.38025365840258
-7.887629958902835
2.6395460182611714
-14.044281651689744
-0.670251795429067
-10.244788469850391
2.55415682707644
-4.9356342918345035
2.818779112676566
-5.953872392046833
0.8691025417610945
-7.403123714757385
2.4209023619478103
-7.25733126162595
2.570560029191256
-7.892225902522114
2.4194858326482063
-3.992632883906481
4.353146049350471
-6.762275423960091
2.580423593930391
-7.338504569921497
3.989298043294184
-2.3572049522044836
2.162987706000422
-1.8515378988158773
4.940372798588214
2.087619512458332
1.6187236403202405
-8.704445360564932
1.4305394037510268
-2.9300017647146888
5.541545598338416
-10.151468084099179
-41.55562004359126
10.041939629678382
29.518549500600784
9.256966751958316
-8.855443740370902
-19.54142428162595
-11.170308846531043
19.83361466549286
0.3724945234353072
-7.58849019659101
25.152970019407803
-6.08723249572904
26.284997224327526
-9.604599208034415
23.695386313733252
-10.133268733305158
24.582749603570846
-8.723949039303989
20.549689268937072
-10.993922820642183
20.644302225251522
-8.825432922978507
18.214693398522286
-13.71464713323985
19.4335714502231
-13.220953973970609
22.363129620312975
-8.9326638643779
19.728791950514278
-6.412216121660094
20.654582904011477
-2.8436295488972974
22.12027000607668
-5.710905142281263
18.787224086527203
-11.81186832674939
17.665565964935013
-11.28442676877421
17.222518007089093
-7.822033208754874
15.727454704805496
-5.4854909204568685
15.081256555024083
-7.212715747473339
16.626993633284656
0.776604856364429
15.535641603421027
-2.9978401281841798
14.065654367634124
-7.933570110375513
13.693877251418598
-8.445843682940904
15.055346019849821
-11.167898392883217
13.997084513650407
-9.43250608031849
15.266938294542342
-3.39374258382486
24.194486907646933
-0.6622628765853733
14.90938393982833
-8.340192083382135
14.33123915426222
-10.846831655604547
14.605078150905683
-7.641142184758792
11.568150537284964
-12.429767170366176
12.9941499553006
-6.388162877967261
13.968941105966223
-4.655639170166978
10.996313047997319
0.6470359045833902
3.181414811991999
-1.931450872329151
3.67419909558339
14.164771406211003
22.763437224099107
-2.119480616025612
5.319115456895815
-2.007141995103666
9.12532704509249
-2.1652383545933844
8.40421058380889
-1.3554057886176452
6.896870557819057
1.5283444921315095
11.256543088768012
5.40591310439595
4.898612825785676
-0.19338168256035715
5.152008053675672
2.8420423830048094
4.3369813907975185
1.0918444751368952
5.16444782453982
0.23166031781147467
2.0126091644488042
-1.107769778378497
-39.21957783988182
9.639593332443837
28.16342095015716
13.227279227354302
-8.20216090352369
-19.406103222920137
-35.96161065551132
21.10873541863475
19.668047463437688
8.854290178183874
-1.5861912232867326
-2.6353068009830167
1.4421890075936972
-2.857877159052805
-1.5600216372440627
-3.2494029197641794
-0.07598413916275604
-2.3934977524968417
-1.127211250935943
-3.9770815579431655
-1.1334520890377462
-2.6787300460709957
-3.9530536179590854
-3.298458886976732
12.499757548859634
-11.238923330316538
15.840849645155686
-6.010819890199855
15.440875860283995
-6.384413474988833
13.654564261920314
-6.061426988599123
14.152789534862677
-5.900496992475382
14.990132247919973
-10.580682437479481
1.6942685204830923
-38.60526117966947
-0.5790478108629031
-39.786922548284565
3.1423993897769833
-35.723465880782896
-0.27799334112023644
-37.10839914209828
1.2377980092805956
-36.3226908117158
0.5263050971861958
-38.31939344198872
-2.2534551852349978
-36.90065979181418
0.5319478978763073
-35.25326274636973
0.5231792990416579
-35.74753706356569
-0.8571239068351133
-31.754596128906996
-1.2527131121314596
-32.00414251705661
-1.7677157474226988
-34.006532251860335
-6.650774697574889
-35.04686608231532
-5.597246637031276
-34.60593954709475
-1.248415813786778
10.954025427838133
11.341812672180822
11.842074222533483
13.093452909717598
10.485305534661165
7.681421909555866
9.202152317380751
5.869954345656879
6.998358834753162
7.247526494280464
7.600143547047992
7.1377947236615
6.299460586669738
9.609460617883087
7.163620006089332
8.006940772231246
0.608891298468734
10.434510380917345
5.662985619979736
10.442507247274989
10.470680003891175
6.003701543620991
9.300068020333129
-6.5872269059091195
-3.0910466342029395
-12.542010483064587
2.4937404873817286
-16.10788898533974
-0.015110268526768778
-22.93224329837176
-0.4165522790990508
-25.892047839266525
-2.596748584210218
1.197111340250558
1.9862250258211134
9.728204467151954
11.434183492248849
16.14972607225718
3.953691434904613
4.456411571618446
12.401917881374175
-8.357435568706933
-5.540800259906973
25.20237445652492
-3.951633244905679
-12.755171425331355
32.17389783745057
-23.959755695299464
28.66923778137243
-27.39282898607962
27.370945483533433
-21.80480393596372
26.036500573864032
-19.38215887352999
25.59956355682334
-20.530512291707055
26.76502870562217
-18.309376680099376
24.751799077614123
-19.604071496502
24.69957777037598
-20.584573068554164
22.30748381878584
-19.306448405963238
23.817759924642814
-21.131229436296053
24.091212756457026
-18.352448371457285
25.763726328952544
-17.502326548335986
26.818726995154066
-17.689734226183646
23.427168434389387
-21.78905612868948
22.722497249384105
-28.166802839838056
22.936831966249883
-23.556619544511705
24.728562523907385
-19.59503764996407
25.660154221646735
2.3440703154537914
5.412646562741429
-21.23567380361237
2.1550821291857574
-19.0081612126869
4.68965514701631
-17.040380233003816
5.770227260758475
-18.546607253814727
5.616195488910307
-16.76621076569245
-22.327623471042898
-4.68696602682212
-22.11708835290665
-5.236639495857162
7.317292133753654
-21.30020315917318
3.120757552635041
-20.237316999871837
5.198825743413181
-17.97016044881093
5.718836503865532
-14.516477293853313
9.176277934631798
-15.73986815832177
4.95235352976124
-17.09256686918161
5.163399609780754
-17.979925561510754
-15.953288361539308
-1.2878646486751677
-18.59250414091366
1.8048454123636475
15.902677822172336
-16.594088505114996
12.013735731752604
-18.439706891069363
0.8027042830999562
-17.649728950784265
4.820802765098051
-18.724703803982266
4.929319123169989
-17.78049262017703
3.4578068896644254
-15.285015087438296
6.906402107815666
-17.003439215501203
5.432949416717747
-17.656301306060413
5.801191825124988
-13.56224288815065
4.955475339158511
2.5823359421083296
8.439443309129274
-36.29379491866166
5.16821526284366
12.976735657768586
2.927176122680976
-3.2732151281943516
-55.11966371588824
-1.3180594946661586
4.657396488777522
-10.734250783461903
-16.289144394002506
-28.875417940518673
31.026332798315707
-22.64708291628449
33.30548225725761
-21.22511170006692
33.24961357918437
-20.583693143160417
29.303867388154686
-23.150215871337423
26.59316849743118
-4.690452780605483
2.7301293206928676
-17.400319766395114
3.0185037779847335
-16.05591404108236
8.197189553067801
-18.378444524967563
-22.12816053354436
-3.4188819567661994
-16.918447566700706
-1.5842736661161325
-15.612919901679561
-5.528306225396591
7.391708043287508
-18.114682930376148
6.731753133846723
-19.342850109140272
7.603172107441424
-16.171393772383453
10.469188846369434
-14.447113782060114
12.283684949592498
-15.983211826707702
7.458705883316725
-13.289901604726765
5.284657620024518
-14.215552905869117
2.563901694576998
-13.574903585458742
3.109417249388571
-13.927204627545507
4.899104636375341
-12.853927159974774
4.756114984582382
-14.274751864035352
7.73178057664154
-15.477748556382721
-18.434906821294135
-5.549743831026717
-19.21952107029938
-5.877238973345811
-18.607810528896152
-0.16817622166308865
9.91749207873545
-8.918292111573464
9.462114700421807
-9.377769646065644
6.271340765471905
-10.306170366551669
-18.977018971403595
1.0234516421478475
9.820075823163279
-10.680628532607443
7.841871204476774
-10.243515223581198
5.918515363977349
-12.44534264590402
-18.46075100885173
5.5289084178366465
-11.570905279557337
5.7064375796035165
-11.445858186951227
4.914757981416187
-9.89791123867144
1.3648023975420074
-6.074526804703055
8.635165567971853
-6.041158953079503
3.703509489141652
-21.555166554457173
1.0816976462792809
-20.345793976617642
-4.62432953699863
8.028920090537213
-10.955051279106556
10.059362943628003
-14.218934235093911
10.054349716228899
6.495779277956899
8.310337030317896
-45.14926411240049
-0.24685892827437783
14.977831370079002
-0.3110878500738181
7.668709608982681
-66.15264813111753
-30.106172856334524
5.97530911305148
-11.836940663419227
13.63201425124862
-19.08784034600103
16.96492856336954
-21.40802154847188
17.258818044008876
-19.580239794961017
15.422966967760658
-19.460532164190226
17.637902683267384
-19.540661720404387
8.530024200130356
-18.279736071577645
12.772342402171489
-17.025247445271816
14.179468587968586
-15.189197678606433
14.204848354858768
-14.407353734850403
16.524803152167806
-2.0109791337235947
19.869683236191122
-22.618546058965876
18.831283421168337
-21.103293635311275
18.810237808436796
-17.39412928013553
32.6393046916819
-31.25244438388836
-20.471085401766686
-5.6735869770182035
-24.795702092504143
-5.525144073961201
-21.95753088658057
-6.977425942663103
-23.376615941904674
-4.396720293456383
-17.427042278915906
-4.0739036851318815
-18.33195631522176
-3.1533543687473866
-15.001462188734877
7.520646675015087
25.428434310151715
-2.804584781993981
24.692720501499934
-10.536195703942212
21.950781971316246
-3.4426273662138556
23.499704158108216
-5.549899495737918
22.958588545528983
-6.456063990111943
22.514849275454253
-5.786451698384553
21.246718998363576
-7.0019542094669305
17.4092561472371
-2.2537416913164634
21.23008591136022
-5.227877981631536
17.050911422551508
-11.134668961607531
14.79503147559808
-6.714870804778911
17.109583729788937
-4.300840952095314
18.353930953895542
-4.49460444639044
16.130938970078205
-1.8350132646028214
20.015319262758567
-3.5493208490934194
20.809894482248637
0.8534957304873387
18.380690939022315
-6.314734410216261
22.036616156350647
-3.9151384799733933
18.93595548105077
-3.9086536435188464
19.79477857130405
-4.0236705711995455
23.834601579039372
-8.060713961440342
20.342029972496675
-6.6180677792472125
20.044867449003505
-4.114354194092812
18.592469035254908
1.7489368514961825
12.113475335112525
1.8688749855373317
11.953094936025082
10.466962007934853
-0.14231070286041358
8.034128236473407
-63.75896182125325
-20.269271287661468
-0.9302265123133111
14.629236094098815
-2.2957860620063
14.026385531131382
-22.183832562317548
9.375137921664646
-34.709084787322354
8.899256165124825
-35.54378161578461
11.050895064754513
-34.65482245867315
12.201568808186494
-33.05838416138613
10.004182437838608
-31.491280226131494
14.206343760170057
-28.336466337035745
12.874135710426344
-30.0702946919464
7.570304384764313
-27.598140869045892
10.73325979427318
-26.970522009471097
2.614994496027066
-27.09285921163064
10.454502386310196
-31.798801456310684
6.06525961780244
-31.156243902156348
8.970885588611054
-34.19533233776383
-6.298497792939088
0.3405005154891114
-3.16823980434674
1.433895673695588
-4.375556329337996
1.7151956069537846
-7.171389058092245
-3.1611410912228166
-6.942879044672736
-0.36432754079578444
-4.255817699478939
0.008984807129309047
-2.7739353687466064
-19.62223722101953
3.768168869679357
-0.5456725927033403
-2.6766041437676904
3.8033666719984467
-2.3912313789514883
0.25233086873049615
-2.113267257625921
2.1743994555508834
-3.5817721288294706
-1.4846172587658657
-1.6417980480655388
1.8469482029686333
-0.17393182832711318
0.05984204409469385
-3.254724997237645
-1.106520254188581
-0.599885698813523
2.2485449694540875
-2.981001953548912
0.12333104600838851
-5.025514059381749
0.17833214632810268
-4.252999616144734
-19.300449977132303
3.905286760240415
-10.07595489182495
5.019466500354611
-12.479613709092519
4.380834178153236
11.399257110218969
-3.986847571166436
1.4200542140715697
-6.934843364890185
2.8863036774637294
-5.62008836244604
-0.5075729584259534
-5.73471990739381
-6.707991265799137
-4.350611873649541
-0.8398907124919788
-5.454995525569757
-2.7870728482357663
-4.320795707715661
0.5324051669012988
-4.092567854728259
3.2027660702879075
6.426377972980845
-1.3037628850361216
2.1379844434413826
13.658894462003445
8.656054141569257
4.088451916481063
2.6824252659716876
-22.237697601527543
8.702104159805458
13.71530792946578
-24.93497733404547
9.461525265742239
-25.331064743591924
8.121343516000707
-26.26134306093627
7.698285096652398
-23.14701686427361
8.051614622418128
-23.397931790206712
8.022926863719476
34.12471292500595
3.670212411436296
14.007532379289842
0.8836406553837151
17.097451749636093
3.263905731628256
15.00640958382246
4.898612857527041
16.23889417190003
3.2940433168460004
15.052195678827047
4.096304895780122
14.047936137583747
3.2896463574870722
17.618835897948884
7.365462864434448
11.557624569899417
2.5281264757613826
10.805164593264635
2.7057629316823295
12.019984646625744
4.37873964254868
12.978029401854656
0.541754239171496
12.473980038686932
3.1152029087752453
13.628621359834142
2.368040616514918
15.566675865549769
2.2995402428005036
14.377663535273314
1.5152574198546063
16.60915952077994
3.165564023594925
20.523239747741172
-1.4558989794204535
13.877613214921439
3.586796728297486
12.10472016908352
-1.55389807130814
8.718711189740134
-8.076861445444592
28.156416134608662
-30.411564584872394
27.470039351615924
-31.6463471845982
25.110543904831502
-30.38908143183653
26.867426753809923
-8.668869373233974
23.506772842580176
-5.332566458782821
22.645333825113994
-5.153180143310237
19.43188616750558
-3.8988460052041773
23.523141846559156
-7.265737630412332
22.716051953379065
-8.452749357620633
22.227635920973626
-9.870809960808401
23.940020790394556
-8.143533309863415
23.946702755070874
-5.602269826582415
24.325107349703103
-8.940293762159854
20.289829693067077
-10.507254306445247
19.46659651855589
-8.424103974903119
20.947104410073734
-5.977508417483477
24.01438416446763
-4.343707019228532
23.065554845130464
0.43836851084233786
22.953623926683576
-4.932140422377415
7.836046051392259
2.994940293714535
3.541084867565587
6.393789865869621
9.721152643200185
-0.041387587583813
-25.20513407859471
20.35619201841473
12.895748978520714
-2.372584774537245
2.096328827798061
-2.411133634746875
5.983784295411169
-0.8795534394521383
4.754193790317004
-0.12654471929454303
6.145356761708172
-3.1648934528384416
6.2244145720123925
-6.550561409558213
6.661610311239201
-0.662890378420343
5.659317891484534
0.8741876677595428
4.027591857586231
-1.1466790452504938
4.563774690112041
-0.3669676476838504
6.5915088316833135
0.03769508795812726
3.889914053190296
-3.6199060973412998
0.8757724629103905
-1.231567013734093
2.996870425515226
1.27004972522991
2.9010500244567083
-1.3926576987905719
2.5153700393439067
-1.8026765812501253
0.8995799208933022
-2.7321447484282544
0.7831854980868229
0.8712592576412135
1.070875802077353
2.9697011313364783
3.6857150251325947
-0.9483171358206164
2.851226404287445
-4.520653311239585
2.5598588640787057
1.110400467281579
2.8186697887285845
1.9768906478038843
3.97849213246991
-0.6734171804328071
2.0865048783834936
0.6976662836204923
-0.07226215232731192
-2.283826240378403
0.3934118737543031
-1.0496595305630763
1.8081033197740908
0.6993673584165663
2.5333139674894483
0.9865978825619095
1.5890501339617913
-0.6286761364026461
0.9014887812172674
2.0203287172789715
1.907132567743247
-0.729630023257414
2.9108868267394428
-0.6017967616826354
3.2650115593205555
-1.6709133237945935
-5.248433928505619
14.536377113097842
7.145667507347753
14.06657220528541
-2.313047359337361
8.778665617272054
-2.97530136849673
10.026629184232661
-2.8942415444635117
8.711142259753615
-2.024854337088982
7.805752727761501
-1.4717500524275238
7.294269114392591
1.2089165643192246
7.235184902641777
-1.7522364772976289
10.486943097888798
2.991064681471471
10.402393588807172
1.1149193974742957
10.538368184812498
-1.3256593048063223
9.822999902904485
4.1749510151985305
-1.5268810106881574
8.861157046338121
4.967370083688365
10.462890764822077
6.0419981653049035
-10.014771152404137
23.997253404420917
-9.894886692069122
16.082971915420785
-11.037020498852144
-2.296681493809956
-10.56482374542611
0.7301300167200679
-9.970035540292884
-0.5113269027970091
-11.108972371268464
3.533703550661812
-10.055808156210333
0.5606003314351256
-11.058276534473407
5.051465431126417
-13.38722034037528
3.036508899045657
-11.987210278473867
1.573884763120077
-13.237837607650363
3.4424537629111
-12.850373209546888
4.2927072238817345
-13.180279806258113
3.408222460453544
-14.853235646922258
2.0677789294859394
-11.600244053395727
6.325480441466425
-11.335528777221043
3.4749668402873795
-11.256173934332764
2.771040010084107
-10.4751413233098
2.0111202823700296
-10.436855483701947
1.761435832544521
-11.918983735333313
5.302225255776648
5.300491251518906
13.611879154059352
-3.686132309734603
11.870603268751438
-4.521511252727578
9.095352285776244
-6.472587015294266
8.587443575463112
0.12532918238866841
7.0355342360635404
0.2776007520114945
7.126872931497928
1.2286482446634182
7.271245129102681
-4.5926353103495785
5.512070840244633
-4.6252573300425865
12.163287406157906
2.0613458403822733
7.456290752001223
-3.1937322083485924
5.148270603534911
-3.359250992873058
4.1061543367122795
0.04735033027282043
7.276487416056625
-0.04490627619816223
6.6682087521530775
-3.263820276764818
7.456927498462392
-4.33073219543985
9.150648895358245
-1.879921898655084
8.046735507054109
-1.1991175852999731
8.846151451130936
0.22979245928399905
7.314575613107081
-0.532126308482475
8.671536214009393
-0.593759805926311
10.531915341107378
-3.2901041273016745
11.559224775011899
-2.192865183342292
10.110622355759915
-1.6025379569291545
10.980318355404961
1.1298627128871885
9.64182814027663
-1.2108057721252408
5.990696967710392
1.427557486536898
6.579350144249474
1.7762953976362041
-0.8668541426723095
11.546268953125036
5.757023465685052
14.989659120075885
0.7919565473239345
-20.622697589031304
-13.032341855878258
0.2656455719170481
12.364897975292479
-31.797098002087296
3.3173602402530378
-27.96861559207173
3.010868806322833
-27.93130669060156
4.720196100346584
12.356208283938031
-3.2648742900182697
1.9253054582968616
-1.218265446172154
4.305776154216801
0.13019663954946736
3.627604637089462
-2.0243632338751922
2.722445132711073
-2.2313311173220427
1.3648278034597752
-3.0232462968760956
3.4763547004549764
-0.7977352767047705
3.124464367507244
-3.8484902106520167
3.4782196552696405
-3.703881360228479
5.1074289691096055
-3.5810126163942186
4.228677866221915
1.6764639253124187
-2.2893687880641664
7.722234162440145
-1.4616156244101148
9.938679455619422
21.997552294087654
3.089622051847982
12.65363162212634
2.6162321185765904
-0.301316219218279
7.501410207931258
17.228605069996775
6.498751256365722
2.4780859221882565
9.174903681483556
0.9982084815164853
8.396220834310952
3.9144914817061363
6.016193082250538
2.5201572093319555
7.262786860947017
5.694696506818218
7.1453077268251945
-0.934364702541643
9.726721848604939
0.06000783068338933
8.757474746616936
0.2726675295816676
8.401693508209064
1.193768182565691
7.080215466508889
-3.403725132697218
8.356228923588787
-0.7872011648851185
7.049990984356555
-1.1649758863586612
6.227483427017432
2.1789528704448458
8.831772576460935
3.0590275133854448
7.035880378392903
-0.37638874294498237
6.02526302883598
0.13863125386706088
5.843889392845085
3.1320004425160732
5.828815836342983
0.3145083793660888
6.755986616813971
2.2664314923204074
7.904502292372854
-0.28009234743512934
7.126173388996904
0.36571129312869743
8.117277376797574
3.604143328997452
6.850745379251748
-1.5777497033086547
6.295394613893222
-3.0704705194748385
5.682158173900461
-1.903911991905261
3.6005596568957117
2.052953725635234
-0.4717309695079166
2.069331459220848
3.1959027450848225
10.621437403420714
3.580458491902391
-6.697147693728766
-88.25573687814358
10.916249284424339
-0.44197206132776046
7.278909147265949
-1.7407495314037078
1.757492243537854
-5.944029514948852
-1.1277338181807863
0.5284514494305768
-4.326559914517929
8.65275723648665
-0.7244632426663884
6.872587033823947
3.002252580397908
9.931317551785469
0.2036340513805044
8.641596950912572
-35.7122186272627
5.5771690144902095
-59.07818025911183
4.397604962394325
-60.37627588167197
3.911032909167261
-61.63424868153561
5.860967364478711
-59.22235415848627
-0.3953118510253262
-55.2916433305254
-0.8003122078152956
-54.74347348140873
1.086560537947662
-49.36069465046785
1.1390120716314414
-51.027992231687676
1.1200015552294644
-49.43287171738848
2.5159513746657467
-50.607741140360304
-3.655602290060415
-49.28555845273331
-3.264620372970967
-49.70111864881437
0.03213226944717462
-48.90887144012777
1.0355648684908374
-51.75433181395056
5.330811894433282
-49.44974732413539
1.1968139076943771
-52.65921226712271
2.4541810294267634
-53.44129258472458
0.4637366655133519
-53.82643049197395
4.723203836701941
-50.472242891350106
2.098332840254443
-50.43547892187598
-0.8621892164555902
-47.4190939871296
5.875801012727607
-47.37128686586766
3.944634596347896
5.264701988951856
-19.22213772323812
-10.065339185432094
-18.628146739656586
-61.886883959534316
7.106816697865725
-50.91383481876801
-10.663519611183801
-9.756165899247208
-18.570246858791506
-7.119814791903991
-18.926741578630754
-3.1241810858027748
-15.316272785878027
-7.098251403356699
-15.466663816348955
-4.757600517134051
-17.86214290533644
-10.809104052485054
-23.483174725017307
-10.06694209779198
-24.370940683013032
-2.3809075379322167
-17.918609247164568
-3.716475967215956
-19.66429086970311
-6.717153527326445
-20.356582899727073
-6.068414763283727
-19.01717208685659
-0.5583422677973431
-0.93322224694748
4.514219571145077
9.655337998363393
8.686986675924345
1.7646408926611912
-7.069563600416586
18.676794672099277
6.689631997835022
-3.417855322588366
3.9752011305336055
-3.6783291646370344
1.8486831549016642
-5.3120969120682275
3.2650338155744976
-7.094876379136622
1.0356236406496464
-6.758876098319888
3.5971217665155564
-8.504155630769674
3.7336141728701477
-6.491540846722273
4.771373441832111
-6.217656292390529
5.738719844935986
-7.523659997767027
5.837184810085091
-9.612559731311194
2.328331765411349
-10.746349047054537
2.683812730932914
-7.834412453978075
1.773100229756892
-8.481264136027676
4.987669732045106
-9.146347980849896
3.5443139192429953
-7.487882244106004
3.778461659738241
-6.9778053956106305
1.6099680368588452
-8.188340771474031
4.05977707911552
-6.3694161275070655
13.809770336294605
-4.567583173691673
6.637094115167201
-1.4589394018221356
6.349167132693765
-2.023256351774762
9.283082567251768
-3.1665151569268346
7.665410475236058
-2.5653638914027397
5.339584828929219
-4.155387213833819
4.447788998249962
-4.220976889591839
4.886908605427379
-2.7169461681769462
3.565206448221943
-1.4918754682039435
6.748849972611424
0.3831815780959005
6.744394641336839
-1.6249315122367989
6.788760603236369
-2.1352738192654215
4.852388479161164
-3.3946532719564857
3.643196200429884
-3.6224090810246707
6.023629466009879
-5.839586163936474
4.1846123724280915
-5.845316789291246
4.109351425206114
-3.0555708608626446
7.104178972227601
-1.1090083596918703
6.51873283011264
-2.611046739970334
5.828300947310709
-2.967255746572846
5.346323528110588
-6.7710840962936345
6.279351166711422
-3.7137170688984042
5.7348573132203455
-3.2726284319069237
6.883810804678433
-1.6558315191105066
8.303972864447132
-4.9648003324236925
6.633020356803172
-1.3553818090240384
5.368849564303673
-0.3979628019296797
3.4721382115585584
-1.8754853833743255
-2.9105188087723946
-0.14114151588182722
7.759049819707798
8.6632010594858
11.493233704060913
-0.05427294951005024
-7.545506222548283
15.879139591203057
-53.94363047306797
9.28901829545066
15.303951386287736
-1.2313569695870683
5.196392721503798
0.4758304944498377
4.141165738581549
-2.430428117773772
2.706228726749032
0.996679276237046
7.783963075886277
-0.1872399706971919
6.091910272069072
-3.4711223674930807
5.755878292116904
-0.15602627817315806
3.9794913936311787
-4.492273093532276
3.8763561776013375
-2.200128593514819
5.677169298483932
2.102700068115155
6.694313281257564
-1.0013541133648687
5.556750927904432
-0.6032743369869422
5.766612508481558
-4.907094031910674
3.3806615425455675
-5.182445141910648
6.611187249254726
-2.905341153691552
4.831244293669442
-1.6756915366440808
5.194398080213432
0.4344990277895704
4.800424143912096
-1.7550122471202485
6.391543637933864
-2.366708216670304
3.5944729106577142
-4.195520867169762
3.3349226508671563
-2.802603386080591
0.8990681027262326
-2.8951873396199517
4.733048944102848
-0.9780242817305407
4.912760602601338
-2.4376784875184967
3.246960759135618
0.19525240506663977
4.598476765251689
-1.5317183913957706
2.185457709883849
-3.7672214993472153
1.165310829086593
-1.2782230891934887
4.861577386309364
1.9169054968097043
2.8525807274036197
-2.0673431506365887
6.470811929770207
-5.583757326859995
2.700835321105842
-1.5612880073167617
2.776279976395017
1.682669433132105
1.7973541485644091
-2.146468413315233
3.362210852921635
0.6503197287202056
2.7251087870427
-0.7899827893579641
4.193006851153768
0.6981125550591969
5.88512169455862
1.1669442192433053
6.946115756883955
-2.688450210229348
5.917763927782289
-2.7710706315756397
3.435808034038928
-4.888538688637709
4.704916399316062
-0.7664105625917728
3.452587223788214
1.882081896694217
7.310946149898882
4.757642600281542
7.217838249838678
0.7246137777710828
0.0665709848926781
-0.664430650187569
3.244217812371062
13.012893109633296
20.37215386765456
-1.3844758235863992
-16.98593532000632
18.815926737841437
-51.90042260617338
9.050385608861689
-8.16129831175931
7.059275485456965
-8.951967854844042
3.996683429930272
-8.894903375206923
3.4860014576661342
-4.792821871284104
3.14474717824487
-5.742330047665746
4.680139954045444
-7.200011685352365
2.6718722909809003
-5.7360339122187725
1.243715502005216
-6.207089478124544
1.8696240525205212
-4.408923522831174
1.4922660609063314
-5.887145689790486
3.6878296772392787
-4.888038261546171
5.455834114693062
-4.996426024523316
5.454121637012577
-5.552231346704502
6.028527716869576
-6.399731794079344
4.186041151653626
-5.098167291211212
6.255640265857437
-5.617177548869222
1.399440697985483
-8.977168085039011
4.02788042710381
-6.303421795244503
6.205205545864374
-7.15118996676938
6.141983880277621
-5.641455496946946
2.849368134026008
-7.721998414701375
0.5230418754799757
-10.679106246918309
1.3391761938019044
-3.1573969998735265
4.4825681086276745
-2.922972979824408
4.962487395663629
-5.597266533157381
5.339670461098649
-4.8444871887841146
7.4897430600813095
-7.460835065889114
3.7386289335408946
-9.456200721988353
6.125370828402083
-8.61074153628033
7.79820816429492
-6.497914357461923
6.582221888676941
-4.486643558491778
5.107592775722878
-2.9341580886939482
10.387656082890317
-5.80057030181888
6.365019239068715
-8.92600690967447
5.9030295909306005
-5.684261950418659
6.771711380284614
-5.897485493504064
3.620947370225622
-5.333781545305101
4.30354141395037
-4.726602949334847
2.3675755168715114
-6.801705150728594
2.9503241215679736
-6.213849610543548
3.134663794089647
-7.32931513593212
2.6929517031985597
-6.202617746888791
2.997211529474953
-5.0061740423061565
1.3623545775280945
-6.909152975524194
3.4176099560700095
-4.328107227482178
2.887581592567585
-0.3946954461735004
-0.021686316320483456
3.002465399002176
9.954775293057537
25.481649462781206
-2.635248723634504
0.20831081378310046
16.343372818095304
-52.58339284709837
25.26908593983353
-53.365713206749206
23.152147737322593
-52.57276019559686
20.520014385769173
-53.04716480112984
20.869068007494207
-51.53425806773521
20.948554566957682
-49.34889923975243
22.112788587313844
-45.2906691103326
22.66749891082145
-47.65776178530359
11.21438510086955
1.7245606156902795
-5.447779582893418
2.4483437543276523
-5.1391872961521585
17.35215741435968
-4.2564515339236095
5.214167701971746
-0.35255144669645233
3.315180199451788
-3.429106654411953
4.3192157665307604
-3.1778718570658384
5.066450858303142
-0.9830074902620254
4.969597442006489
-4.886604778102992
8.871983251839993
-3.4953098524929374
9.122176455814042
-6.81947874825164
4.782276636087772
-5.984831008106994
7.92925907222525
-1.7918804178680148
7.224106863115594
2.131788090651753
8.494789377617053
-1.6967515352480405
8.197003380893875
-0.13512277726113098
7.551892813833547
-2.8543774241479696
6.391075278599601
0.7948665897401952
5.8942726040095295
-1.2143526344461861
3.1034311359926505
-0.8164355943117698
6.574805772695981
-0.04882414010899083
7.226865372822431
0.7025662194628239
8.07697337816171
1.7208534638484707
5.936516720261352
0.8301918743618444
6.3144943669576605
-1.2738278138840542
5.455375299550724
-3.673664482905224
1.3197976361643668
-3.356368223507161
1.460877603987683
-1.4065126514051371
-1.2433737336505146
-4.074925471632014
1.1837322223072988
-4.810873889606228
1.3553415817441419
-3.595366538298549
0.9341705525184807
-2.5980341459544434
2.381856940648504
-2.9508825547382003
-0.5033010738443409
-1.0810703930055752
3.344519170388594
-2.2557370208305656
1.0821187749861565
-2.218842550048066
0.9356423206627369
-2.2270882302418613
-1.3918742518817453
-4.203420355892376
0.5100294901585585
-0.567498700991564
1.4207904619743204
-65.1124676587242
-2.5013415288449323
8.945351405331166
21.020741990841998
-0.32277541756411665
-19.962359506331268
21.10643707788222
-51.72391197483557
9.973900843287993
16.26087248040676
-0.40282878694961255
2.9839559245374403
1.7610672513728787
6.147411191472202
-2.630105055146487
5.832661787575489
-1.409474254181987
6.032512741541723
-5.8953274077885
7.598406326302211
-5.196971289225985
8.68047320676851
0.5742460461024166
8.594560618226751
-5.467976472724331
3.1592450055213703
-3.6328882136986067
4.6447878953022155
-4.156572675809002
6.364480521411679
-3.7129258233071596
4.669484878266303
-4.966035261659272
4.11576846632488
-2.040039809196969
5.146602156544759
-3.093486682730145
5.511714177629983
-1.8603450292157504
6.79293710154343
-3.7618132080315263
8.04693713305096
-4.689679023262215
7.336897722196227
-6.302927225620806
6.90133966742178
-4.754534778883681
5.269884431636456
-5.470158506035659
5.334893899287636
-0.5822612412594026
3.675633405233384
-4.8612283791899245
2.985336064180956
0.18370924775626918
4.6653498739797215
-4.6735916827346955
2.780507346476952
-3.8988464149315405
1.3537816932584974
-1.1539376776636345
1.999505371262785
-3.9644012183780433
6.991771768496619
-4.51958836799713
1.7558672127888713
-5.307602968850915
2.4577321764627413
2.5854971343396755
3.9837419255418354
-0.8951719927335944
3.5307546496587747
-0.6017045910084562
1.815219827918554
-4.0165441997596645
1.6225968417420518
-3.2775489164268947
0.9182812254457531
-2.5823512787319487
0.9571857046121295
-0.09869605952917482
-0.11550441579129256
-2.2167152879155765
2.4399177220329875
-2.497125748652252
4.255659742819262
-0.4786453791803069
4.218080980943341
-1.3835796876701352
2.0155930824694224
-5.563006576396219
1.4168021880614106
-2.4816466938482336
1.839810759989632
-0.4889318127025035
3.357654041159549
2.5985094681745977
3.1800058952831023
-1.2597019307722803
6.738952504032568
-0.16598667051221128
-0.3008379496677662
9.402137766506712
20.64571427242663
2.4910229341530794
0.09045433759274601
-55.27310031946217
-2.613070842831803
-5.162830427030713
5.186216415300805
-6.738944875043671
1.7599578850476973
-2.1494668002196704
2.681173697244958
-4.496525565877164
4.0808587891442585
-4.871876130928285
1.761282593543001
-4.010488909583728
1.5864882524838322
-5.558385813563291
3.625419980256993
-1.3474499641306465
4.302846002696242
-5.959512929117409
6.191549735580338
-4.956993282690746
6.065814734760352
2.370563027661774
4.768658536060684
-2.3855972480323544
2.010791378270369
-1.225090816789816
3.80812134095504
-4.119610673746138
-0.27189629777240043
-4.565259729215541
1.503291624439953
-2.162698705740695
-0.2988761047836306
-1.2704799027378613
2.117440445445027
-3.3700303184705263
4.00571234884228
-2.5420991315695574
4.340950010315282
-6.254922826350594
1.190430796596047
-3.9513052783622697
3.68589615457131
-4.67935790397496
2.4636988127876975
-1.298433823254527
2.457020614789144
-3.744128465996255
3.566659083697232
-5.546277244235171
2.3112235497665097
-3.440428776533736
2.1075855784420128
-1.9648762376746163
2.8444579537153913
1.3118263637443306
-0.38345871525234543
-1.209556418001739
0.8599879055673227
-1.9141123802364746
1.022629566343312
-5.204761714358028
-1.5923155947966734
-2.217177374084713
-0.9972582442442217
-4.102476972626391
1.306707908066528
-2.2412091203877935
0.4491611215089506
-0.923484763407032
1.5425139976541686
-2.195576282139882
2.621091233782863
-3.668053717356088
2.49963424017551
-2.6243727618257253
3.9275758723306353
-5.807874190984876
2.3830659996165195
-5.166617065709943
0.9043034996684582
-3.492626671995822
3.3924287192294287
-4.471318976087787
1.6604578147689608
-2.1466189806997136
0.2625549840959138
-2.4400302685317
-2.453483900979336
-2.9129016275528556
-1.4228886734108528
-3.759514075491097
0.5560817940749985
-1.9324994391590735
2.5941944795304153
5.6707713530759065
3.344293425858268
0.44829639731869975
10.080066096537848
-65.52989141632315
-29.91544793378671
-6.699604089790228
5.719934536831715
-3.355684438780372
4.506255322674406
-5.3455902101031825
4.95851076987492
-1.136698558635544
5.3265932248232275
-5.508837271498123
5.0452652934855
-3.6843333186661766
2.5043161402718397
-2.126911257080792
4.282147500747669
-0.18338541617413284
3.337855480309372
1.5929467628593557
4.203481439210009
-0.10994142603703949
6.4408463298896095
-3.358305169218511
6.36265143354467
-1.788510454896823
3.664965955340449
-3.709770832563663
0.14103468819848786
-3.1713506556297943
0.6381622834396694
-1.2840193318334059
3.793632060487653
-1.7064401743609778
3.422401345162143
-1.7196328836562316
4.529449018009473
-1.6673619752855302
3.5112215445678885
-4.616976692801472
5.073508752726411
-3.3919591607700568
5.106236463901951
-4.3191089272768295
3.388235753525805
-4.203610033249788
4.611499578715666
-0.39490793020740966
5.78702866059939
-2.1893393552654743
7.252842891824912
-3.215989326688941
3.169495002755866
-2.8564761208144773
3.4749288446473656
-8.293726877598601
2.5947449575178325
-1.1973701658043865
2.6981808681157418
-1.9078060908032057
4.634917491950546
-3.884227099533746
4.563305032297649
-2.4897159156589623
3.5143599287785037
-2.3972773761870485
4.579104013915639
-2.9913552778525627
1.7789515507465694
-1.8573896379766666
3.5487822508075624
-4.005735545821153
5.872556453092329
-3.9888749277342868
2.9862454807862377
-0.013515851020201808
0.9574796211327339
0.6212554119956621
3.159567729358969
-0.3641045453296101
3.0084417597208812
-0.82242103669887
1.9077933426724485
-2.573528523060304
2.526937410437313
-1.4310220158731681
-0.004136012950766599
2.169483179552117
0.24741025588627963
-1.582354379388562
3.773567799727971
0.4643950117788336
3.144806746604445
-1.9994995432662108
-0.007972768758918392
1.2470006069288502
1.0275761035227333
3.3665605019796203
-1.7886735721822333
2.777095168874439
9.4067708365219
-18.862044332376172
-1.2938558703499439
14.151065766391184
6.292538344094282
1.4841779528451298
-0.517461964094764
1.1904855572593078
2.2464209055997344
-1.7577048136481608
-0.39518173430224124
-4.1272080384169385
1.2673125106939551
-3.210853825432423
1.5797384062952915
-3.4596355055273307
2.0718659318554273
-1.6211066983541969
4.097906158642218
-1.7039040431518515
2.189811881577043
-1.8997694742538442
2.743439762030903
1.7174368373998732
4.47759972395761
-6.895078567937162
1.5568700927033206
-0.2365955896621017
3.8799786116469477
-2.6524873662929167
2.296155279113009
-2.3412720412416093
5.53187002685263
-1.789037870377797
3.075684401943363
-1.62251487877802
4.505424272758319
-0.02886100614523457
4.5235748452469124
-3.749401719962407
3.2602901244099485
-2.3736200162074965
4.603345903022273
-4.289995168532187
4.516880978795598
-0.5712390502994822
6.188969605602324
2.8415446932340274
4.642783248877095
-2.9930440261268814
2.9118037612170156
-3.040938507667306
3.7215342684103234
-1.1222517100577534
3.5334857424968504
-1.7279210170363513
5.2284966686384
-1.5167493926346651
6.723367618631528
0.6987712398586154
6.473380647179511
-0.7245300545637292
5.37665657981961
-3.1882125143583835
1.228846626539962
-6.172719358573886
3.82825424692237
-2.5463448444261303
0.8482332870935352
-1.8388824304984155
2.4489859710993187
0.7492817637212283
3.5047043115264387
-1.4764467822969891
2.5221138159831753
-1.6305892859581945
3.779441191585647
-0.9847348981711548
4.155952038250689
1.5161780444141186
3.174766638981964
0.08010679735707527
3.2663610482632066
-1.8903537219975988
1.7787502195333218
-1.8409171314524428
2.364575401708862
-1.33509048346059
3.3351010090373165
-3.569233922598869
2.4451998134172754
-1.0712033042473195
2.380770016561655
-1.890686085092966
1.1959120223400532
-1.1089866681613785
5.927432229691476
2.02889921176029
3.839189120230003
3.945272565671985
7.178639887979443
-66.13717371388702
-33.32741506207094
9.621193004231827
3.9784599905033247
-0.4016515627390618
3.630195262889174
-0.5311138268079958
2.0667040109710797
-0.4492054966958676
1.1364575488969422
-1.5643674463517527
1.262588479428814
-0.9901737577929453
1.9905783033427724
0.9830379896884551
4.043142050624738
0.9204773489782383
3.3640658388267184
-2.896468804872711
1.475948060013252
-3.523778530128766
1.1300648420565267
-3.1231077952470514
5.355364793431363
-2.111324101117134
3.594382410034086
-3.984259394061155
2.104184225694553
-2.30562743790324
3.127746471162027
-1.933454982970943
2.0886218273208215
-7.185686889486533
3.1523716622523352
-3.273167208863015
2.6814718359200924
-1.4241641168064234
2.8196092204907472
-0.8759479638174525
1.6858638411686115
-1.2076086569759354
3.3885697029309085
-0.46520436944410903
1.3328238379890536
0.4009554830427078
1.2021460843170644
-3.2617255094119173
-1.6655048196334974
-3.432054140515902
-0.20932961268772488
-1.4837608099151112
1.0874873334578297
-2.1357891172574455
5.616785667396471
-3.0068905792886653
3.274472106162648
0.6391508044380316
2.226146728169624
-0.10398458298914193
4.843574530468686
-1.8293986258559016
1.8194341730431915
-3.561562855849843
2.690798813777292
-1.0883299401375552
4.310606327619098
-3.5659892512849183
2.11163102181672
-5.233429078860354
5.014364653359735
-1.6978479902427352
4.056281349683559
-1.1968678928333247
2.4124354149662395
-3.346527309233352
4.7509754557195265
-2.3177431693547987
-0.1809096699980728
-0.5101632436799264
-1.0255637061454763
-2.9633991639366286
-1.915212596693891
-1.286168386317513
-0.6999623813790095
-1.2596501805801381
0.7167554875159112
-4.393921293425592
-1.7315586524036917
-2.816149223493994
0.28696873786066135
-0.14736203758184274
0.05784924562976812
-0.6695853301516763
-0.26577514972268546
-4.331906842771787
6.076394089144742
0.5572377887492621
0.3363912511958915
0.3250438992927229
9.575303399318727
-21.183879366633846
-22.347200819940554
4.871287761576241
10.374333893440053
-2.068997931199192
2.697958409000421
-4.765069562212375
1.1032191070244153
-2.211460888511283
4.055560481223438
-0.6195448609651066
5.075941905279251
-0.05639936955594749
2.626922317109347
-1.4924284123335383
5.2820173853615415
-1.5057613579774625
2.7786725241567183
-3.7062452122354443
5.444385191114634
-2.868711513468952
3.1548055171369924
-2.7493698610633146
5.118165456593488
-1.9523875967624917
6.36397907767423
-2.1595729672535526
6.211079176922794
-2.3280769599587074
4.602182046777671
3.825268027905622
22.249029737347882
-2.6745222966510482
20.69568360710946
-3.2300309187685343
21.573627033434605
0.016388308136811247
23.044047119094103
-1.9771389707384515
19.45480533746013
-1.3199338185477245
20.057580384991525
-1.81071060724571
18.389859900362353
-4.800591778410308
20.697813830865925
-6.49009532234777
21.73494017374105
-4.089396314506303
22.282773516473753
-2.6516853659668413
21.095847960403262
-1.2433654753895098
22.06678824808114
-1.735641679213586
21.34939524832771
-4.029003559866396
21.88020884022444
-6.298600337915559
21.27253748001931
-4.027889902597963
22.053044408932692
-3.341829805944144
19.297381315293023
-2.903054426495146
13.844960979358802
-6.790126597636117
19.35874693936421
-2.419026298193785
20.232240854908014
-2.063310319705124
18.13258612140271
-3.282002904734327
18.853294237242153
1.2926692927703698
19.648391551752866
0.011255251702095848
19.753766688714677
-2.2022013742735
20.922632332967623
-0.2947328093869146
19.66291928416649
-1.696958382593948
17.88768670549507
-3.5902643476001685
19.91043628342777
-2.051542418623285
19.402689380625816
-1.2497033485524298
17.649742481764406
-4.208804690728357
20.809413393144496
-4.206650148431436
-3.1788104342431325
4.2559458938885655
3.2903226821053977
3.9318851327370794
17.775176783401548
1.1667616613940481
-4.6711356388696
-86.21907606025889
7.753048253656743
-12.615855312738859
7.608190154725889
6.2687143343173375
16.71020006922481
-4.524466146554914
16.32600583527892
-4.588130704069044
18.508249903699834
-0.22811331628872722
19.42686384755143
-3.1878994727994723
18.49727596963021
-3.9082419228852814
17.53193973973066
-6.686861624339144
18.724223206050738
-3.84978108703217
19.32497542371857
-3.673518291878281
20.391532248671865
-2.542329321762736
17.20701087722955
-2.517348914841932
17.72615382711774
0.13964203724572144
17.02520780669147
-4.469359516808254
16.32252618104212
-4.965741696229088
16.33451925679219
-1.9237131667177891
21.22221838328187
-2.8134214370111295
21.585033028972248
-1.9373528975556837
14.961866052679397
0.15916159844164213
16.102529920583038
-6.088201335640406
16.124905611106442
-3.9980308840731595
18.248481379099758
-4.107592008802385
17.125271288683507
-6.842545677314774
16.647306062583084
-6.396158808543987
14.035123208548612
-6.421306463558722
16.449805504325923
-7.67789888380139
17.447119194323022
-6.5524747838335315
15.12266731618547
-7.85218170445296
16.578941592591946
-5.89526403684431
19.82958075240822
-5.264195210502294
16.93420272077674
-8.328789759181745
15.86052920898328
-5.607984977330489
17.776816035107913
-5.022384173626051
20.60081143226307
-4.909628938527021
18.453717094655076
-6.545887877649875
17.007412577013383
-3.850075552740236
19.46129002869202
-6.892593522064999
17.398279579121663
-5.915365967961407
16.844472377986676
-4.285097056232189
18.5985422996946
-7.965053606108995
17.363120752339455
-7.104863544149339
17.293399579659308
-7.218241925653274
21.012623154791072
-7.4494973489290714
16.847420267609778
-12.690090026910184
17.709227569739596
-10.94915144479819
16.0504930712068
-8.665158330069971
0.7445274110868922
1.9160587423702964
-1.5753432279489061
6.0912825569375855
-4.936805462426491
-1.2878087183817115
-4.882612664829139
-87.32043071721273
-3.9412846648738196
13.617696552517373
4.2620228976156795
-1.4396784514065075
19.7688241888809
-5.05310886693951
22.32445605171415
-6.025466969431363
14.57126693931059
-7.149401270093222
16.047423917299966
-7.688764959364562
16.303958309961672
-5.559819512933245
18.225911805579017
-3.5837005056018825
17.354211557603776
-7.639220567794837
17.580933654635373
-6.565336730223862
15.786152674285404
-8.417306998519052
21.85054008564839
-6.012946736211234
18.9130313800797
-6.732030072373163
18.969910699704997
-8.368357354405816
18.483988866135405
-7.10597991270879
16.920861853246606
-6.044309525243079
15.404394958251942
-5.126984052307307
14.685728894372005
-6.410325168997588
19.833566581917694
-2.9547752073431184
15.750637982260741
-3.218929673457751
14.815315768300934
-4.194327751652963
15.875685636596245
-1.8174502041983942
15.590799754738327
-6.600031526595558
12.453440690998832
-7.272721169008946
17.48779787570311
-6.303769754777022
14.694836841095821
-8.210544259671224
16.817314170315512
-7.360838279140808
16.8287190013707
-7.413830920613691
16.147104009367467
-7.7652460476329
18.277201781636904
-6.143048323785479
15.253203512735126
-8.19738056730057
16.453595235419925
-9.426180632526666
17.816038732642483
-7.812554542844737
16.856969052765635
-3.2641029487149353
20.407393247693108
-7.745218500198462
17.295909676940937
-3.3041395248310437
16.499523441163547
-5.51862848298515
14.295339988391788
-5.395971165846277
15.719151014818635
-7.581359638877984
17.63069958543747
-6.306850641947676
14.020738091556268
-8.631501909922008
17.347013324328145
-7.285232488931797
17.47326707266984
-6.131512885191114
14.723473511996417
-5.887510034252045
12.979377342817315
-9.270646761377066
14.682394497551286
-9.011758756485506
1.4513309289595782
-0.033452266312451684
-0.5358876220834645
0.9647996872863587
-5.593531131742566
-2.083556279558252
-0.21116665827321413
11.663366582542949
5.742832726236884
19.10603441738931
15.695242913048787
9.966438514589754
16.786588281998775
-7.245692011900246
19.826436062607172
-6.5580452880349185
15.155664614783745
-4.2896587312243355
15.025976483184422
-4.330227600194121
13.131800426050177
-4.246414289416862
11.958778594016621
-3.710342278031021
13.479311221823082
-5.220103468773232
15.36721603672595
-9.994159627751287
16.720079534825345
-8.406784158632945
14.25257709208563
-11.805806376825785
15.108201857101449
-8.63874727557959
16.095911241187423
-7.084355838269403
15.436579246514157
-7.727016164795714
15.644060336710027
-9.14209370057506
13.611359576068935
-7.632096483172063
14.34069028644808
-5.8590160028288665
16.502925173819676
-7.225658096776897
15.43776963082928
-6.782580837661953
14.435856758438604
-7.620835834210084
13.682770736975726
-9.384076140115212
13.979729081213009
-5.942307309758689
10.993544077913612
-8.485606873382494
13.368765170398547
-9.700646329325536
16.126468480129915
-7.962848041985126
15.07614235103756
-7.912219971090963
13.5827560236321
-8.102178239947534
14.552411279884836
-7.395153677871349
16.611672240462212
-4.890784277373314
17.39167224808989
-6.452363820764731
16.450235500540657
-6.745427943647883
13.486335912797585
-9.368494730120801
14.681390520920104
-7.280763827395276
14.420663014405363
-6.392070469180908
15.738666796843972
-4.218923286101926
16.020601655412975
-5.854429218148653
13.467433521993371
-9.059567190988673
10.36595494145513
-11.170974589233083
13.89242918400305
-8.325745469655885
12.984695325638313
-10.315522391359991
14.577577673937412
-11.995956570750423
11.233230013043794
-9.91066564079847
8.19215856210758
-9.003862399191348
9.68727493471306
-9.54199081781735
10.48558271606089
-9.736809447203996
0.2505936090110481
-3.0179889953196835
5.832303015766229
-2.2311299915181735
-1.9725611805843073
3.6764735774449946
-11.997697365139175
-38.918816131068525
-9.397797419351264
21.17004545677264
-0.08514594037660572
14.513180525606003
13.834695992096385
-8.218460524294642
12.047355256643641
-7.68415812580497
11.233521444060898
-9.561406494200128
12.604859663460957
-9.607636943466787
11.650582402398868
-8.06296500422286
17.53303195103581
-6.265914155364953
13.528008662200591
-6.089812576035911
11.394031367828575
-9.158475034157163
8.067911274947619
-11.178804155555554
11.829227301182982
-10.601244257557482
14.590546770796209
-8.149660447557835
14.278108858195992
-8.904387722155661
15.255067559242889
-8.544986446640905
17.487380687138284
-7.750325826222252
14.295755627397739
-10.930223008423127
13.296077128283287
-10.636473963788376
13.411190332155456
-9.522125030731331
14.654391609848972
-10.173338107582822
13.64556146052928
-10.252101670157572
13.52324359155864
-10.61410069025078
14.932232193894379
-12.680116666193499
15.372157829855496
-11.821708022773237
12.864802276802948
-10.073044383747401
13.114489072393553
-12.619891141766857
15.421156500882717
-10.503181437927196
18.926685125074073
-8.6692678617419
11.977939402595439
-9.262349166430795
10.226597753657188
-6.752906591944338
13.972643305776728
-9.10618903143768
10.871791786936228
-9.63235430534587
9.880765671834524
-9.177716178117407
12.735524004567196
-9.963359482253509
11.273552787262815
-10.78805773230306
12.405870608716214
-10.948872204811778
15.244799814940052
-7.6806421994224365
18.31657794359853
-7.610416988316501
11.144024969802558
-7.497648744329126
14.834739226798774
-4.758758850686718
9.851921286757715
-8.580451276671738
12.938922083565558
-9.525937352867913
10.410045951535722
-6.789993435611905
13.874967381900206
-8.448299121446325
11.569764998317623
-7.239980399561318
11.993877663911917
-7.561565193091155
2.5865530153969303
-5.347449564396811
4.185992158154477
-6.574250579615182
4.223767324607252
0.6163395703442802
8.775847215343674
-44.774023225345445
25.424942143105
9.70706030907786
15.12743216643139
3.329402749919609
10.68879642407228
-8.662907494235697
11.754841946018132
-9.543878670756385
11.506955311146157
-10.162359210695286
14.928025625908049
-11.636319916246066
10.480084823295329
-11.891566175045227
10.202866749195891
-10.462862118683915
10.286341600181913
-7.170773381334584
9.589866484349841
-9.40645920183124
8.807078342530076
-8.53058549718844
8.27623935387237
-11.652030223647671
8.670560284164821
-12.200662473782359
11.059027937990322
-11.880232729334239
10.720939356726376
-9.900965220323997
14.249675606799428
-10.663680493396896
9.960677799641417
-10.686795945834092
11.184245787155305
-8.933482649255893
10.679989011783618
-9.420851497829062
11.537380952351668
-8.243867342414887
12.819781188840352
-6.615027356729115
12.767254181582757
-8.061636742861083
11.987461516771873
-3.867464823548289
12.944774648178281
-6.450024200705229
8.643205915188446
-8.221611672131985
9.176549602147134
-6.616314547150978
11.494997239078657
-9.212969236063145
10.196639469379079
-9.436471834578697
10.272875155567817
-9.104550325719174
10.73081580190592
-8.450868887564866
16.767306559291683
-8.682216725774197
12.31488033239475
-7.825937131705359
10.304379487579354
-8.915940301374576
12.847381155048424
-9.858954077979433
14.258871908936271
-7.401047425681099
12.032963108611511
-7.093441747507313
10.85035952731414
-9.039217740304593
9.854567869255334
-8.3292639853953
11.70154551908854
-10.119413603768407
9.389026465119969
-7.407371998653616
7.7885245369507174
-7.59369394872374
8.890861252901232
-6.583957886290591
8.65848706921497
-8.067672701590709
11.772037221531718
-9.80422860262479
7.548955621736241
-8.550853145334258
11.92632756569219
-8.208104618650395
0.055999754109507194
1.2155589322701417
0.7358715541558922
-3.927882082249198
2.2553085772506165
0.29243582399431034
5.5093331122861855
-14.530960217733082
