1885.2817669417207
1884.1106585256446
1865.2692049440022
1911.687061509963
1899.707083095433
1923.2853103247257
2067.618213780067
2051.903090164127
2057.633497709448
2043.0551664066202
2066.8473353071304
2066.2091616896487
2065.0741218849944
1920.4003213594253
2069.200526366267
2072.564288400788
2067.0386858001048
2070.1445640946704
2067.0386858001048
1997.142008599072
2082.9284438605514
2069.5315499546427
2067.6599149605568
2082.3938213430397
2008.6034942576503
2082.3938213430397
2058.5487221021563
2082.0567276049564
2065.2153562463927
2077.8467419883464
2093.241199469857
2085.35967794794
2065.1151857840555
2056.246292453899
2084.805488685564
2096.2219091934576
2101.0574545610043
2079.5931370868416
2084.5899390824334
2087.0034689447616
2095.4304129313887
2074.2178551041097
2081.411564090996
2084.1047908749633
2093.9591887271254
2075.54353860839
2087.373839222299
2102.1181578805276
2089.0497368554657
2018.4338249857478
2046.914169471754
2033.1488479553327
2046.914169471754
2020.6539797573712
2030.3745236165244
2057.419350188993
1882.9658541375957
1896.3401318486656
1800.6605760058183
1870.2993326462852
1873.0523692317054
1857.5162126298287
1870.2380990783347
1995.6500787008001
2015.8341546664824
1995.6500787008001
2015.8341546664824
2021.9805920234407
2020.2582510459965
2025.9773270031785
2020.2582510459965
1825.3100603462237
1867.0522189437695
1900.8028252276151
1917.3149806945937
1910.244392106214
1885.7155404286189
1848.889141964831
1881.2456654992275
1898.0691108707376
1895.102758830788
1876.520457576379
2065.215470275318
1996.6603540877454
2041.965120480033
2055.7515048349555
2021.9437104010462
2024.5530180543358
2023.7513744740456
2021.0204106519257
2014.0647519076906
2013.2999373377977
2015.9756561836516
2034.8901546754632
1951.6993787599956
2024.002101294607
2000.0373088877668
2024.002101294607
2041.6492985486304
2110.9612177614563
1892.693251705786
1914.0048572981784
1893.179503725882
1899.617564994274
1887.9208449018354
1897.3787579361044
1915.5849133576376
1929.1829489230543
1937.9562317759132
2084.3877551373744
2076.0981792352636
2087.552005289584
2075.487752179134
2017.6348535436969
2028.5568733151451
2023.547135985437
2018.9172652471166
2011.3061289870193
2006.215864915895
1999.460856773959
2003.1228999927703
1999.460856773959
2010.0166746623806
2038.810274726005
2031.285108975468
2030.9806663773215
2039.5030174904869
2054.2335380800428
2037.107927414019
2040.4549356644577
2020.7159411201933
2032.3597322173364
2011.7896913822206
2007.1083865178998
2020.0229180872323
2036.7125942104249
2084.3609847163316
2072.4851953987845
1916.6756484591554
2072.4851953987845
2092.6869774884594
2094.9061030347875
2059.242452835963
2084.116054900351
2070.2100278889684
2074.7123968452615
1999.0748751241733
2066.080263319294
2088.7897710353136
2088.605667430849
2105.0051037075996
2111.4169263935123
2142.7684257576275
2083.5635156858943
2096.772764096966
2100.400779065719
2113.4971371313122
2117.548099128218
2098.087417235395
2113.928715066496
2029.4219438103062
2135.1759700759876
2108.721366767385
2106.2428877724683
2106.647071986726
2114.8601434076136
2057.9872070456363
2041.992909349525
2031.6125396632083
2047.3928237354226
2023.9420879234187
2041.269431886039
2035.2681008009868
2014.2698216929602
2021.7148580882808
2011.688481346189
2025.3466005124162
2011.688481346189
2106.481124916588
2107.0310756118015
2099.379850978724
2087.7312011011923
2112.916019842379
2124.1083297122873
2089.0999553171505
2084.4423624008737
2056.0801984301306
2073.943213001707
2067.5314905523655
2084.182431894566
2081.2954436453874
2092.2096348248374
2086.5381140166937
2092.2096348248374
2086.5381140166937
2099.953917014606
2086.5381140166937
2098.9177139586077
2084.1440941165783
2014.5113950484351
1892.693251705786
1914.0048572981784
1910.6404796458019
1892.1528681829873
1891.6358017781133
2060.9136900817466
2060.47887281982
2077.940806785395
2012.5522686628224
1990.2379000818885
1982.0188116291001
2000.4023273998953
1998.4600124305582
1990.499729962901
2021.9281542458546
1991.476762700038
2011.1183018631739
1992.690154470642
1981.7169973703092
1994.1498588820248
1981.7169973703092
1992.3232717696483
2081.275016867891
1901.8184729051961
1924.2090592350694
2066.2411087635996
2074.6521361807877
2066.2411087635996
1932.297400700766
2015.5630140758735
2000.315731787739
2006.6912859248853
2011.4569100224621
2017.7413583825917
2045.4497788508095
2007.3890274183575
2028.8890978240365
2007.3890274183575
2104.4055590966755
2083.3793081013437
2089.4415138718064
2081.654521680879
2077.8429549934094
2093.363029811954
2107.8266150598574
2090.513127838193
2105.4717700114215
2123.2899558958975
2111.0021618600126
2131.9236783880206
2120.757946808717
2096.8869598335336
2067.7612960167908
2043.0753900136265
2069.5493565052843
2077.6846461244663
2068.442581422847
2119.7428010911117
2121.938467734788
2134.1360715482447
2121.938467734788
2059.8535966468976
2130.112013983569
2121.1467673501197
2130.112013983569
1935.0828348568198
1905.8820890534846
2095.424918790231
2044.561699913671
2051.495171578523
2081.2153118563615
2074.2183283347185
2068.3929299618126
2060.5414492318764
2037.0185994216217
2036.547575560937
2080.3342091004774
2092.37943175923
1939.881391578562
2018.328593807757
1939.881391578562
1948.3480508357466
2082.508752855737
2082.418084146346
2094.5265712207083
2070.332221707452
2092.4202004937288
2098.297776982197
2113.629233930476
2100.695726840827
2096.213852151537
2110.6482249315804
2102.675557820906
2036.0520289945423
2045.7462091184843
2057.4689985450505
2040.306019057689
2031.6362081123068
2034.6217140807191
2031.6362081123068
1892.693251705786
1889.6882298673368
2074.791816723451
2077.983854855662
2074.791816723451
2067.9442417835226
2065.375255002167
2066.324795857344
2056.742346066792
2052.7567471309917
2065.799542067021
2013.928621681235
2085.4815927986924
2058.9598009860047
1996.1839084515009
2009.2672963288396
2015.2423723537254
2005.6569655895294
2014.307494440924
2000.8345915198386
2014.307494440924
2049.9918505048868
2081.023205452018
2002.1198257065425
2025.4874363932731
2087.528631602708
2007.0453408535611
2008.5912924948932
2008.880016747949
1933.4122754236955
2007.0453408535611
1992.360657866315
1997.5838996227924
2018.5872982412368
1997.5838996227924
2013.5531445419742
2096.7965100407037
2109.867518243378
2055.9152598010455
2054.205644412627
2055.9152598010455
2027.2529061647826
2105.954252627968
2034.377216195149
2105.954252627968
2027.2529061647826
2034.997924297815
2027.2529061647826
2044.561699913671
2095.424918790231
2101.234330376544
2114.384763051007
2101.234330376544
2072.5093894125207
1925.4442149257134
2072.5093894125207
2101.436408196515
2095.424918790231
2044.561699913671
2046.4431672237686
2044.561699913671
2050.5116096485667
2044.561699913671
2056.6400053263897
2044.561699913671
2042.3865178948258
1976.4958431150599
2042.3865178948258
2044.561699913671
2042.3865178948258
2044.561699913671
2042.3865178948258
2039.1314843241582
2042.3865178948258
2044.561699913671
2042.3865178948258
2039.1314843241582
2042.3865178948258
2044.561699913671
2042.3865178948258
2044.561699913671
2050.5116096485667
1982.3967414673773
2052.393079546676
2055.9970468820593
2051.197481960577
2043.5985995308447
2055.2729118661637
2047.2369829143765
2041.5728779414544
2047.2369829143765
2029.646280678883
2042.4432742403098
2036.7275028821678
2052.681730169505
2053.4218790687446
2064.3849314176073
2034.0515935887322
2055.921650616999
2114.082215853569
1907.2475747018523
1917.9828859467113
2081.3982466135603
2086.4739358772003
2102.1958248264154
2021.8043351840383
2031.8543222401763
2021.553862328305
2013.276664372074
2003.5798140818815
2020.203771563872
2005.8200072447412
2049.388158511896
2022.6599631906406
2030.5585834693286
2022.6599631906406
2047.100819366026
2092.5652598331985
2106.4375736359007
2115.1053838843345
2106.4375736359007
2113.04336180656
2037.1723142648902
2105.701137690171
2067.2226944389004
2048.372371679526
2062.6201652544187
2024.6191623580426
2042.3307618506776
2024.6191623580426
2059.7521285448893
2041.696502178032
2044.7122152392349
2041.696502178032
2014.2529100344746
2027.2529061647826
2014.2529100344746
2001.9239420621927
2014.2529100344746
2001.9239420621927
2014.2529100344746
1861.7962926717041
1871.9629784944004
2064.721991553304
2014.2529100344746
2001.9239420621927
2014.2529100344746
2062.921768560732
2014.2529100344746
2001.9239420621927
2014.2529100344746
1976.5251608924464
2014.2529100344746
2001.9239420621927
2035.416631769447
2001.9239420621927
1865.2767568232396
1876.0933813378022
1947.3791048819637
2063.313866280037
2067.1563310399824
2059.313887204859
2070.5559881205936
2078.4817820121348
2070.5559881205936
2077.591323054642
2070.5559881205936
2077.591323054642
2070.5559881205936
2077.591323054642
2070.5559881205936
2077.591323054642
2070.5559881205936
2069.194315499718
2070.5559881205936
2066.9917682113546
2091.727592190237
2072.5205860740784
2066.854163858073
1933.0560616901835
2066.854163858073
2002.5044225335314
2020.4896471937602
2004.4423875423213
2001.068009551189
2007.9548642776556
2001.068009551189
2018.5605858596166
1994.8998799160095
2016.923807383863
1994.8998799160095
2018.5605858596166
2009.762818246578
2044.2790808985856
2013.7027399913834
2014.2401465575444
1966.4708066467033
2014.8914111173606
2037.7853976551803
2014.8914111173606
1868.5729612548027
2077.983854855662
2074.791816723451
2067.9442417835226
2045.6738483889194
2055.6410323973246
2049.8062266150637
2072.2515525351346
2091.4917260588713
2068.775970707138
2074.9248423266126
1922.9945325668466
2074.9248423266126
2087.7215392318562
2086.448616517504
2065.2171087654806
2118.086015107251
2072.282522102013
2076.6485383945624
1975.676618759462
2057.9137262878085
2081.9424462485513
2071.421645977131
2099.555412873685
2073.102461104964
2096.01243520713
2093.00765737212
2096.01243520713
2057.9137262878085
2072.282522102013
2066.0250049482247
2069.3517587300985
2066.0250049482247
2069.3517587300985
2066.0250049482247
2072.282522102013
2076.6485383945624
2067.352809625143
2069.2890244317327
2078.2684344314134
1983.4609180470275
2078.2684344314134
1983.4609180470275
2078.2684344314134
1983.4609180470275
2078.2684344314134
1983.4609180470275
2078.2684344314134
1983.4609180470275
2078.2684344314134
2052.574900965408
2078.2684344314134
2083.090043512819
2078.2684344314134
1983.4609180470275
2078.2684344314134
1983.4609180470275
1990.2050645329132
1983.4609180470275
2067.5021988489502
2074.700588804649
2067.5021988489502
1983.4609180470275
2067.5021988489502
1983.4609180470275
2067.5021988489502
2133.5971531512073
2065.3702891028024
2074.8792276439426
2058.8221662253136
2069.7385967728355
2051.1463683960487
2133.5971531512073
2056.2438778151327
2133.5971531512073
2056.2438778151327
2133.5971531512073
2056.2438778151327
2133.5971531512073
1962.6179018774872
2133.5971531512073
2056.2438778151327
2133.5971531512073
2056.2438778151327
2133.5971531512073
2056.2438778151327
2133.5971531512073
2056.2438778151327
2133.5971531512073
2056.2438778151327
2133.5971531512073
2056.2438778151327
2133.5971531512073
2056.2438778151327
2133.5971531512073
2056.2438778151327
2133.5971531512073
2056.2438778151327
2133.5971531512073
1962.6179018774872
2059.3332197480886
2077.983854855662
2026.1494859966974
2069.212600390325
2089.6763514180157
2070.3426163255967
2080.409442235414
2061.430164082254
2095.2452779881073
2096.128040887635
2076.500730762137
2064.1388247120153
2079.015761879617
2064.1388247120153
2079.015761879617
2071.027345082197
2098.5259797483122
2071.027345082197
2098.5259797483122
2071.027345082197
2098.5259797483122
2094.2789244718497
2103.0643114639743
2087.3636062255446
2097.9307549764126
2094.2789244718497
2103.0643114639743
2094.2789244718497
2103.0643114639743
2094.2789244718497
2103.0643114639743
2094.2789244718497
2080.754925338351
2094.2789244718497
2004.0695954126518
2094.2789244718497
2080.754925338351
2071.6544944909233
2098.5259797483122
2067.5604655610164
2025.7264035958804
2025.911620072958
2022.6491338670437
2029.5397989835155
2022.6491338670437
2029.5397989835155
2013.8839881595093
2038.9543276685365
2013.8839881595093
2038.9543276685365
2013.8839881595093
2023.2032894761435
2005.7560608529154
2035.4172790893604
2021.4433626800164
2021.0257849896811
2055.730575221109
2040.005723175624
2055.730575221109
2045.4612808784736
2029.768018252427
2045.4612808784736
2055.730575221109
2007.7018524652751
2020.8437213479635
2007.7018524652751
2055.730575221109
2040.0256483915712
2055.730575221109
2022.6508209443577
2055.730575221109
1979.8764810310793
2052.6368121880155
2054.981715210114
2055.730575221109
2040.0256483915712
2055.730575221109
2029.3185630083374
2047.555990390318
2022.2105757690545
2029.5031754330366
2021.0257849896811
2025.0857051486457
2041.036456816068
2025.0857051486457
2041.036456816068
2025.0857051486457
2041.036456816068
2025.0857051486457
2029.4003557416065
2057.7110494127614
2042.098055919585
2025.0857051486457
2019.2568103984238
2090.608174551405
2019.2568103984238
2090.608174551405
2019.2568103984238
2071.6453026053296
2083.009710384106
1844.3839714295107
2053.1793663278568
2057.830739833508
2076.3695497548483
2069.200068434149
2080.8554455544604
2071.8048025432827
1909.6507492342957
2071.8048025432827
2062.6372089469587
2071.8048025432827
2072.3225375968586
2090.577219286979
2010.2756944571308
2088.221778091365
2095.086481471457
2098.5579161618307
2095.086481471457
2102.0584242042382
2069.500199180655
2091.319906982707
2089.936754229944
2080.290913294457
2089.936754229944
2080.290913294457
2089.936754229944
2080.290913294457
2089.936754229944
2110.1395411903113
2089.8908385955096
2110.1395411903113
2089.8908385955096
2110.1395411903113
2089.8908385955096
2110.1395411903113
2100.9103547108616
2110.1395411903113
2100.9103547108616
2110.1395411903113
2073.60399323721
2050.234244181645
2073.60399323721
2107.268730158729
2073.60399323721
2107.268730158729
2073.60399323721
2107.268730158729
2008.660678459023
2107.268730158729
2116.491000725229
2107.912833358277
2073.60399323721
2110.1395411903113
2100.9103547108616
2110.1395411903113
2100.9103547108616
2110.1395411903113
2062.2211706056705
2110.1395411903113
2100.9103547108616
2047.3991949843648
2091.5719826606887
2110.1395411903113
2100.9103547108616
2110.1395411903113
2100.9103547108616
2086.533008877143
2103.729950710102
2094.2607924084273
2013.635848639162
2094.2607924084273
2103.729950710102
2094.2607924084273
2103.729950710102
2107.069541886065
2089.9930375874274
2107.069541886065
2089.9930375874274
2107.069541886065
2049.1507933458306
2107.069541886065
2113.9325515269697
2100.6897146467595
2086.517812452749
2100.6897146467595
2089.9930375874274
2073.880732307517
2089.9930375874274
2077.9128718603793
2005.5978004901008
2077.9128718603793
2084.96704524427
2106.8670273199864
2084.96704524427
2060.7554224644805
2084.96704524427
2060.7554224644805
2084.96704524427
2040.4630656160737
2087.5705423834866
2059.3332197480886
2077.983854855662
2026.1494859966974
2053.417466999664
2087.1479077670724
2088.4730671595503
2088.1871459647487
2109.6856060990904
2097.0192229622107
2093.489516248012
2097.0192229622107
2083.3312293589406
2063.0163896614
2070.7723529501213
2100.699190659903
2070.7723529501213
2093.7361376591916
2009.4986555716519
2107.053498759685
2070.7723529501213
2093.7361376591916
2009.4986555716519
2093.7361376591916
2009.4986555716519
2107.053498759685
2070.7723529501213
2093.7361376591916
2114.120352981744
2093.7361376591916
2099.962246539243
2094.4182468864515
2099.962246539243
2094.4182468864515
2099.962246539243
2094.4182468864515
2087.9832723091063
2094.4182468864515
2099.962246539243
2094.4182468864515
2099.962246539243
2094.4182468864515
2066.8962309433095
2088.690187698967
2083.5519966589272
2094.628286269853
2114.120352981744
2093.7361376591916
2086.5458626275413
2093.7361376591916
2114.120352981744
2080.7625016901516
2142.2199392989173
2080.7625016901516
2114.120352981744
2080.7625016901516
2092.625195449645
2130.9407506583834
2092.625195449645
2031.0282638992333
2092.625195449645
2094.628286269853
2092.625195449645
2111.5770238129167
2092.625195449645
2111.5770238129167
2092.625195449645
2111.5770238129167
2092.625195449645
2111.5770238129167
2092.625195449645
2111.5770238129167
2092.625195449645
2046.3719171124612
2092.625195449645
2124.978133453231
2129.851425586323
2094.702623028029
2063.3827762008104
2094.702623028029
2063.3827762008104
2094.702623028029
2063.3827762008104
2094.702623028029
2063.3827762008104
2089.4519044222648
2115.926618142318
2089.4519044222648
2115.926618142318
2069.8532216853464
2068.909761379508
2089.4519044222648
2115.926618142318
2089.4519044222648
2115.926618142318
2089.4519044222648
2115.926618142318
2089.4519044222648
2115.926618142318
2089.4519044222648
2115.926618142318
2059.3332197480886
2077.983854855662
2026.1494859966974
2053.417466999664
2033.0960728514308
2053.417466999664
2033.0960728514308
2053.417466999664
2033.0960728514308
2053.417466999664
2033.0960728514308
2053.417466999664
2033.0960728514308
2053.417466999664
2033.0960728514308
2053.417466999664
2033.0960728514308
2053.417466999664
2087.1479077670724
2009.2315739898838
2087.1479077670724
2009.2315739898838
2087.1479077670724
2071.2617213016197
2085.0387181224096
2059.0334824327356
2088.7116248241227
2102.5999205990893
2113.0688788756083
2102.5999205990893
2113.0688788756083
2102.7208967699003
2103.2143907903737
1959.655437008568
2103.2143907903737
2102.7208967699003
2103.2143907903737
2102.7208967699003
2103.2143907903737
2099.822847465051
2093.3196522543954
2116.8288159356334
2093.3196522543954
2116.8288159356334
2093.3196522543954
2116.8288159356334
2093.3196522543954
2116.8288159356334
2093.3196522543954
2116.8288159356334
2093.3196522543954
2116.8288159356334
2092.9536467617486
2118.79906430366
2093.3196522543954
2086.6699210218035
2131.1675049306996
2112.259981929784
2131.1675049306996
2112.259981929784
2040.8889826804357
2112.259981929784
2131.1675049306996
2112.259981929784
2131.1675049306996
2099.583515159735
2117.313494391182
2099.583515159735
2117.313494391182
2099.583515159735
2117.313494391182
2099.583515159735
2117.313494391182
2099.583515159735
2117.313494391182
2101.9113083382954
2097.855339855902
2092.6661133877988
2132.949492761107
2127.73544856631
2104.237412927866
2131.6478293475275
2104.237412927866
2092.6661133877988
2132.949492761107
2092.6661133877988
2132.949492761107
2092.6661133877988
2132.949492761107
2092.6661133877988
2132.949492761107
2092.6661133877988
2132.949492761107
2092.6661133877988
2132.949492761107
2092.6661133877988
2132.949492761107
2092.6661133877988
2132.949492761107
2092.6661133877988
2059.3332197480886
1999.5351688516707
2033.0960728514308
2085.7958365079153
2092.9306843046006
2109.8846097298647
2122.3625786239495
2085.9824498700873
2129.4466168692657
2111.033927176792
2101.0730583890063
2092.2987745261266
2098.586840133328
2136.997791005398
2107.8275087577435
2136.997791005398
2105.4143762670915
2092.6661133877988
2126.6821281416123
2107.8667538725767
2120.418906964269
2092.6661133877988
2130.6101942499117
2136.936726641914
2130.6101942499117
2136.936726641914
2130.6101942499117
2117.636708050673
2130.6101942499117
2117.636708050673
2130.6101942499117
2117.636708050673
2130.6101942499117
2117.636708050673
2130.6101942499117
2122.2341081235872
2130.6101942499117
2112.8512635728875
2130.6101942499117
2099.7084258399223
2130.6101942499117
2117.636708050673
2113.2382171700992
2117.636708050673
2130.6101942499117
2117.636708050673
2130.6101942499117
2117.636708050673
2130.6101942499117
2117.636708050673
2130.6101942499117
2117.636708050673
2130.6101942499117
2106.8194717482515
2130.6101942499117
2117.636708050673
2130.6101942499117
2117.636708050673
2130.6101942499117
2117.636708050673
2130.6101942499117
2117.636708050673
2130.6101942499117
2117.636708050673
2119.125956729303
2117.636708050673
2130.6101942499117
2117.636708050673
2130.6101942499117
2117.636708050673
2100.9146741523055
2092.6661133877988
2100.9146741523055
2126.539376578666
2105.4143762670915
2092.6661133877988
2130.6101942499117
2117.636708050673
2130.6101942499117
2136.936726641914
2130.6101942499117
2136.936726641914
2130.6101942499117
2136.936726641914
2130.6101942499117
2136.936726641914
2130.6101942499117
2136.936726641914
2130.6101942499117
2136.936726641914
2130.6101942499117
2136.936726641914
2130.6101942499117
2136.936726641914
2130.6101942499117
2136.936726641914
2130.6101942499117
2136.936726641914
2130.6101942499117
2136.936726641914
2059.3332197480886
1999.5351688516707
2075.04954436834
2089.822026375048
2113.0734680767737
2125.7283954222858
2114.7684301255317
2107.262928142349
2114.7684301255317
2049.0876810760847
2101.483116396061
2102.7208967699003
2103.6932483720693
2101.7587710316457
2094.39802715584
2132.1981217535044
2095.269760249313
2098.0822289829357
2134.085650030957
2142.650388865332
2134.085650030957
2133.985516427428
2134.085650030957
2133.985516427428
2134.085650030957
2142.650388865332
2134.085650030957
2142.650388865332
2134.085650030957
2142.650388865332
2134.085650030957
2142.650388865332
2134.085650030957
2142.650388865332
2134.085650030957
2142.650388865332
2134.085650030957
2142.650388865332
2134.085650030957
2142.650388865332
2134.085650030957
2142.650388865332
2134.085650030957
2142.650388865332
2134.085650030957
2142.650388865332
2134.085650030957
2142.650388865332
2134.085650030957
2142.650388865332
2134.085650030957
2142.650388865332
2134.085650030957
2142.650388865332
2134.085650030957
2142.650388865332
2134.085650030957
2142.650388865332
2134.085650030957
2142.650388865332
2134.085650030957
2142.650388865332
2122.4021921887493
2135.941714258038
2122.4021921887493
2135.941714258038
2122.4021921887493
2135.941714258038
2122.4021921887493
2135.941714258038
2122.4021921887493
2135.941714258038
2122.4021921887493
2135.941714258038
2122.4021921887493
2135.941714258038
2122.4021921887493
2120.195375831593
2122.4021921887493
2135.941714258038
2122.4021921887493
2135.941714258038
2122.4021921887493
2135.941714258038
2122.4021921887493
2116.817139263268
2125.915161587265
2116.817139263268
2125.915161587265
2066.175112609573
2126.7566099444593
2116.817139263268
2125.915161587265
2116.817139263268
2125.915161587265
2116.817139263268
2125.915161587265
2116.817139263268
2125.915161587265
2116.817139263268
2059.3332197480886
2035.7025082013442
2100.5239757573154
2099.9360084344607
2113.0734680767737
2125.7283954222858
2109.4451662630427
2100.074378312893
2110.7184528409953
2109.2934798611554
2133.380771470967
2128.871834730495
2082.2895600963893
2132.1981217535044
2105.1746689651436
2146.0552289494053
2133.365025088425
2145.6335096762423
2133.365025088425
2145.6335096762423
2133.365025088425
2146.0552289494053
2133.365025088425
2145.6335096762423
2133.365025088425
2145.6335096762423
2133.365025088425
2145.6335096762423
2133.365025088425
2145.6335096762423
2133.365025088425
2145.6335096762423
2133.365025088425
2145.6335096762423
2133.365025088425
2145.6335096762423
2133.365025088425
2145.6335096762423
2133.365025088425
2145.6335096762423
2133.365025088425
2145.6335096762423
2133.365025088425
2145.6335096762423
2133.365025088425
2145.6335096762423
2133.365025088425
2145.6335096762423
2133.365025088425
2145.6335096762423
2133.365025088425
2145.6335096762423
2133.365025088425
2145.6335096762423
2133.365025088425
2116.817139263268
2125.915161587265
2116.817139263268
2125.915161587265
2116.817139263268
2125.915161587265
2116.817139263268
2125.915161587265
2116.817139263268
2125.915161587265
2116.817139263268
2125.915161587265
2116.817139263268
2125.915161587265
2116.817139263268
2125.915161587265
2116.817139263268
2125.915161587265
2116.817139263268
2125.915161587265
2116.817139263268
2125.915161587265
2116.817139263268
2125.915161587265
2116.817139263268
2125.915161587265
2116.817139263268
2125.915161587265
2116.817139263268
2125.915161587265
2116.817139263268
2125.915161587265
2116.817139263268
2125.915161587265
2116.817139263268
2125.915161587265
2116.817139263268
2125.915161587265
2116.817139263268
2125.915161587265
2116.817139263268
2125.915161587265
2116.817139263268
2125.915161587265
2116.817139263268
2059.3332197480886
2047.8392528807053
2079.721458385611
2072.789300824719
2077.012733980286
2099.9360084344607
2090.8314254710917
2111.2232722018757
2117.620908839237
2111.5666019046494
2105.169682898145
2095.879902725076
2130.8720245446802
2114.365541549833
2078.8872082325156
2134.675814131409
2123.4240577015953
2134.675814131409
2123.4240577015953
2134.675814131409
2123.4240577015953
2134.675814131409
2123.4240577015953
2134.6592823941824
2123.4240577015953
2134.675814131409
2123.4240577015953
2134.675814131409
2123.4240577015953
2134.675814131409
2123.4240577015953
2134.675814131409
2123.4240577015953
2134.675814131409
2123.4240577015953
2087.5916199182757
2123.4240577015953
2134.675814131409
2123.4240577015953
2134.675814131409
2123.4240577015953
2134.675814131409
2123.4240577015953
2134.675814131409
2123.4240577015953
2134.675814131409
2123.4240577015953
2134.675814131409
2123.4240577015953
2134.675814131409
2123.4240577015953
2087.5916199182757
2123.4240577015953
2134.675814131409
2123.4240577015953
2134.675814131409
2123.4240577015953
2134.675814131409
2123.4240577015953
2057.16208058729
2123.4240577015953
2134.675814131409
2123.4240577015953
2134.675814131409
2123.4240577015953
2134.675814131409
2123.4240577015953
2134.675814131409
2123.4240577015953
2134.675814131409
2123.4240577015953
2134.675814131409
2103.4403396653875
2134.675814131409
2048.921863945596
2134.675814131409
2120.401098971903
2134.675814131409
2120.401098971903
2134.675814131409
2120.401098971903
2134.675814131409
2120.401098971903
2134.675814131409
2120.401098971903
2134.675814131409
2120.401098971903
2134.675814131409
2120.401098971903
2134.675814131409
2120.401098971903
2134.675814131409
2120.401098971903
2134.675814131409
2028.6822040683558
2134.675814131409
2120.401098971903
2134.675814131409
2120.401098971903
2134.675814131409
2059.3332197480886
2072.789300824719
2077.012733980286
2099.9360084344607
2113.0734680767737
2125.7283954222858
2109.4451662630427
2048.964230242866
2098.526880880167
2109.2934798611554
2108.229698726861
2126.261184945545
2121.99654793617
2127.436677141812
2121.99654793617
2127.436677141812
2121.99654793617
2127.436677141812
2121.99654793617
2106.3094476687243
2148.4220649572717
2106.3094476687243
2148.4220649572717
2106.3094476687243
2148.4220649572717
2106.3094476687243
2148.4220649572717
2106.3094476687243
2148.4220649572717
2106.3094476687243
2148.4220649572717
2106.3094476687243
2148.4220649572717
2106.3094476687243
2148.4220649572717
2106.3094476687243
2148.4220649572717
2106.3094476687243
2148.4220649572717
2106.3094476687243
2148.4220649572717
2106.3094476687243
2148.4220649572717
2106.3094476687243
2112.3585409514794
2106.3094476687243
2148.4220649572717
2106.3094476687243
2148.4220649572717
2106.3094476687243
2148.4220649572717
2106.3094476687243
2148.4220649572717
2106.3094476687243
2148.4220649572717
2106.3094476687243
2148.4220649572717
2106.3094476687243
2148.4220649572717
2106.3094476687243
2148.4220649572717
2106.3094476687243
2148.4220649572717
2106.3094476687243
2148.4220649572717
2106.3094476687243
2148.4220649572717
2106.3094476687243
2148.4220649572717
2106.3094476687243
2148.4220649572717
2106.3094476687243
2148.4220649572717
2106.3094476687243
2148.4220649572717
2106.3094476687243
2148.4220649572717
2106.3094476687243
2148.4220649572717
2106.3094476687243
2148.4220649572717
2106.3094476687243
2148.4220649572717
2106.3094476687243
2148.4220649572717
2106.3094476687243
2148.4220649572717
2106.3094476687243
2148.4220649572717
2106.3094476687243
2148.4220649572717
2106.3094476687243
2148.4220649572717
2106.3094476687243
2148.4220649572717
2106.3094476687243
2148.4220649572717
2106.3094476687243
2148.4220649572717
2106.3094476687243
2059.3332197480886
2072.789300824719
2077.012733980286
2099.9360084344607
2091.161733906194
2125.7283954222858
2121.9884017099744
2057.6837141007572
2090.612428647171
2121.3029540293687
2058.8412822628734
2091.7158650937845
2133.493872104521
2134.8466289982807
2125.5430124187337
2127.436677141812
2121.99654793617
2127.436677141812
2121.99654793617
2127.436677141812
2133.4303818043873
2127.436677141812
2133.4303818043873
2127.436677141812
2070.7578127049233
2095.49413687916
2125.710181551075
2073.16920657644
2125.710181551075
2108.6512476414337
2125.710181551075
2123.4097802135866
2125.710181551075
2073.16920657644
2125.710181551075
2073.16920657644
2125.710181551075
2073.16920657644
2125.710181551075
2108.6512476414337
2125.710181551075
2108.6512476414337
2125.710181551075
2108.6512476414337
2125.710181551075
2108.6512476414337
2125.710181551075
2108.6512476414337
2125.710181551075
2108.6512476414337
2125.710181551075
2108.6512476414337
2125.710181551075
2108.6512476414337
2125.710181551075
2108.6512476414337
2125.710181551075
2108.6512476414337
2125.710181551075
2108.6512476414337
2125.710181551075
2108.6512476414337
2125.710181551075
2108.6512476414337
2125.710181551075
2108.6512476414337
2125.710181551075
2108.6512476414337
2125.710181551075
2108.6512476414337
2125.710181551075
2108.6512476414337
2125.710181551075
2108.6512476414337
2125.710181551075
2108.6512476414337
2125.710181551075
2108.6512476414337
2125.710181551075
2108.6512476414337
2125.710181551075
2108.6512476414337
2125.710181551075
2113.2571989585704
2128.301232467398
2108.6512476414337
2125.710181551075
2108.6512476414337
2094.750786999279
2108.6512476414337
2125.710181551075
2108.6512476414337
2094.750786999279
2108.6512476414337
2094.750786999279
2108.6512476414337
2125.710181551075
2108.6512476414337
2108.015577159686
2119.3950575180543
2059.3332197480886
2072.789300824719
2025.9135849377585
2099.9360084344607
2113.0734680767737
2125.7283954222858
2092.4751309291582
2048.964230242866
2103.449043639525
2133.8398151145557
2122.2084380874317
2127.8671238706347
2122.2084380874317
2105.8954332171415
2122.0709270434954
2129.758199590003
2122.0709270434954
2126.331322295285
2122.0709270434954
2126.331322295285
2122.0709270434954
2126.331322295285
2122.0709270434954
2126.331322295285
2122.0709270434954
2126.331322295285
2122.0709270434954
2130.697817621287
2122.0709270434954
2130.697817621287
2122.0709270434954
2130.697817621287
2036.802702710534
2130.697817621287
2122.0709270434954
2126.331322295285
2122.0709270434954
2126.331322295285
2122.0709270434954
2130.697817621287
2122.0709270434954
2129.758199590003
2122.0709270434954
2126.331322295285
2122.0709270434954
2126.331322295285
2122.0709270434954
2126.331322295285
2122.0709270434954
2126.331322295285
2122.0709270434954
2126.331322295285
2122.0709270434954
2129.911457819228
2129.3498164704315
2129.911457819228
2129.3498164704315
2129.911457819228
2129.3498164704315
2129.911457819228
2129.3498164704315
2129.911457819228
2129.3498164704315
2129.911457819228
2129.3498164704315
2129.911457819228
2129.3498164704315
2129.911457819228
2129.3498164704315
2129.911457819228
2129.3498164704315
2129.911457819228
2129.3498164704315
2129.911457819228
2129.3498164704315
2129.911457819228
2129.3498164704315
2129.911457819228
2129.3498164704315
2129.911457819228
2129.3498164704315
2129.911457819228
2129.3498164704315
2129.911457819228
2129.3498164704315
2129.911457819228
2129.3498164704315
2129.911457819228
2129.3498164704315
2129.911457819228
2129.3498164704315
2129.911457819228
2129.3498164704315
2129.911457819228
2129.3498164704315
2129.911457819228
2129.3498164704315
2129.911457819228
2129.3498164704315
2129.911457819228
2059.3332197480886
2072.789300824719
2025.9135849377585
2092.619562797408
2110.4306756422793
2125.7283954222858
2092.4751309291582
2101.801786374861
2101.567029259768
2133.8398151145557
2122.2084380874317
2118.2440581944015
2146.5739752903323
2118.2440581944015
2146.5739752903323
2118.2440581944015
2146.5739752903323
2118.2440581944015
2146.5739752903323
2118.2440581944015
2146.5739752903323
2118.2440581944015
2146.5739752903323
2118.2440581944015
2146.5739752903323
2118.2440581944015
2146.5739752903323
2118.2440581944015
2146.5739752903323
2118.2440581944015
2146.5739752903323
2118.2440581944015
2146.5739752903323
2118.2440581944015
2146.5739752903323
2118.2440581944015
2146.5739752903323
2118.2440581944015
2146.5739752903323
2118.2440581944015
2146.5739752903323
2118.2440581944015
2146.5739752903323
2118.2440581944015
2146.5739752903323
2118.2440581944015
2146.5739752903323
2118.2440581944015
2146.5739752903323
2118.2440581944015
2146.5739752903323
2118.2440581944015
2146.5739752903323
2118.2440581944015
2146.5739752903323
2118.2440581944015
2146.5739752903323
2118.2440581944015
2146.5739752903323
2118.2440581944015
2100.971971034878
2118.2440581944015
2146.5739752903323
2118.2440581944015
2146.5739752903323
2118.2440581944015
2146.5739752903323
2118.2440581944015
2146.5739752903323
2118.2440581944015
2146.5739752903323
2118.2440581944015
2146.5739752903323
2118.2440581944015
2146.5739752903323
2133.4783298193415
2130.2274668287805
2133.4783298193415
2130.2274668287805
2132.177210488267
2130.2274668287805
2133.4783298193415
2130.2274668287805
2133.4783298193415
2130.2274668287805
2133.4783298193415
2130.2274668287805
2133.4783298193415
2130.2274668287805
2133.4783298193415
2103.1251362815256
2133.4783298193415
2130.2274668287805
2133.4783298193415
2130.2274668287805
2133.4783298193415
2130.2274668287805
2133.4783298193415
2130.2274668287805
2133.4783298193415
2059.3332197480886
2072.789300824719
2025.9135849377585
2099.9360084344607
2113.0734680767737
2125.7283954222858
2092.4751309291582
2101.801786374861
2088.4944015867495
2140.4723632968885
2130.6833609290743
2127.8671238706347
2122.2084380874317
2127.8671238706347
2122.2084380874317
2127.8671238706347
2122.2084380874317
2127.8671238706347
2122.2084380874317
2127.8671238706347
2122.2084380874317
2127.8671238706347
2122.2084380874317
2127.8671238706347
2122.2084380874317
2127.8671238706347
2146.5739752903323
2118.2440581944015
2146.5739752903323
2118.2440581944015
2146.5739752903323
2118.2440581944015
2146.5739752903323
2118.2440581944015
2146.5739752903323
2118.2440581944015
2146.5739752903323
2093.6304745512384
2126.2054451049853
2093.6304745512384
2126.2054451049853
2093.6304745512384
2126.2054451049853
2093.6304745512384
2126.2054451049853
2093.6304745512384
2126.2054451049853
2093.6304745512384
2126.2054451049853
2093.6304745512384
2126.2054451049853
2093.6304745512384
2126.2054451049853
2093.6304745512384
2126.2054451049853
2093.6304745512384
2126.2054451049853
2093.6304745512384
2126.2054451049853
2093.6304745512384
2126.2054451049853
2093.6304745512384
2126.2054451049853
2093.6304745512384
2126.2054451049853
2093.6304745512384
2126.2054451049853
2137.3587158205114
2135.3908588779127
2137.3587158205114
2135.3908588779127
2137.3587158205114
2135.3908588779127
2137.3587158205114
2135.3908588779127
2137.3587158205114
2135.3908588779127
2137.3587158205114
2135.3908588779127
2137.3587158205114
2135.3908588779127
2137.3587158205114
2135.3908588779127
2137.3587158205114
2135.3908588779127
2137.3587158205114
2135.3908588779127
2137.3587158205114
2135.3908588779127
2137.3587158205114
2110.523845745645
2137.645794632842
2110.523845745645
2130.985298096436
2110.523845745645
2130.985298096436
2110.523845745645
2130.985298096436
2110.523845745645
2130.985298096436
2059.3332197480886
2072.789300824719
2079.8064490688434
2083.1686757056686
2110.4306756422793
2125.7283954222858
2118.4140698509545
2116.818797712518
2117.443420595136
2122.5588713202656
2141.871240102641
2126.9265758021975
2102.87597080604
2159.6164296500133
2102.87597080604
2159.6164296500133
2102.87597080604
2159.6164296500133
2102.87597080604
2159.6164296500133
2102.87597080604
2159.6164296500133
2102.87597080604
2159.6164296500133
2102.87597080604
2159.6164296500133
2102.87597080604
2159.6164296500133
2102.87597080604
2159.6164296500133
2102.87597080604
2159.6164296500133
2102.87597080604
2159.6164296500133
2102.87597080604
2159.6164296500133
2102.87597080604
2159.6164296500133
2102.87597080604
2159.6164296500133
2102.87597080604
2159.6164296500133
2102.87597080604
2159.6164296500133
2102.87597080604
2159.6164296500133
2102.87597080604
2159.6164296500133
2118.3524850258095
2133.386997227108
2118.3524850258095
2133.386997227108
2118.3524850258095
2133.386997227108
2118.3524850258095
2133.386997227108
2118.3524850258095
2133.386997227108
2118.3524850258095
2118.2785532689854
2118.3524850258095
2118.2785532689854
2118.3524850258095
2133.386997227108
2118.3524850258095
2133.386997227108
2118.3524850258095
2133.386997227108
2118.3524850258095
2133.386997227108
2118.3524850258095
2133.386997227108
2118.3524850258095
2133.386997227108
2118.3524850258095
2133.386997227108
2118.3524850258095
2118.2785532689854
2118.3524850258095
2118.2785532689854
2118.3524850258095
2133.386997227108
2118.3524850258095
2133.386997227108
2118.3524850258095
2133.386997227108
2118.3524850258095
2133.386997227108
2118.3524850258095
2133.386997227108
2118.3524850258095
2133.386997227108
2118.3524850258095
2133.386997227108
2118.3524850258095
2133.386997227108
2118.3524850258095
2133.386997227108
2118.3524850258095
2133.386997227108
2059.3332197480886
2072.789300824719
2025.9135849377585
2083.1686757056686
2110.4306756422793
2125.7283954222858
2118.4140698509545
2057.1019377036487
2123.3060329060295
2114.003201717743
2117.9098357545276
2104.3721228286367
2102.87597080604
2159.6164296500133
2102.87597080604
2159.6164296500133
2102.87597080604
2159.6164296500133
2102.87597080604
2159.6164296500133
2102.87597080604
2159.6164296500133
2118.3524850258095
2133.386997227108
2118.3524850258095
2133.386997227108
2118.3524850258095
2133.386997227108
2118.3524850258095
2118.2785532689854
2118.3524850258095
2118.2785532689854
2118.3524850258095
2118.2785532689854
2118.3524850258095
2133.386997227108
2118.3524850258095
2133.386997227108
2118.3524850258095
2133.386997227108
2118.3524850258095
2133.386997227108
2118.3524850258095
2133.386997227108
2118.3524850258095
2133.386997227108
2118.3524850258095
2133.386997227108
2118.3524850258095
2133.386997227108
2118.3524850258095
2133.386997227108
2118.3524850258095
2133.386997227108
2118.3524850258095
2133.386997227108
2118.3524850258095
2133.386997227108
2118.3524850258095
2118.2785532689854
2118.3524850258095
2118.2785532689854
2118.3524850258095
2118.2785532689854
2118.3524850258095
2133.386997227108
2118.3524850258095
2133.386997227108
2118.3524850258095
2133.386997227108
2118.3524850258095
2118.2785532689854
2118.3524850258095
2133.386997227108
2118.3524850258095
2133.386997227108
2118.3524850258095
2133.386997227108
2118.3524850258095
2118.2785532689854
2130.1105124029277
2118.2785532689854
2130.1105124029277
2118.2785532689854
2130.1105124029277
2118.2785532689854
2130.1105124029277
2118.2785532689854
2130.1105124029277
2118.2785532689854
2118.3524850258095
2118.2785532689854
2118.3524850258095
2118.2785532689854
2118.3524850258095
2133.386997227108
2118.3524850258095
2133.386997227108
2118.3524850258095
2133.386997227108
2059.3332197480886
2072.789300824719
2025.9135849377585
2083.1686757056686
2110.4306756422793
2125.7283954222858
2117.620908839237
2057.1019377036487
2093.4299645293854
2132.802671457524
2107.0669401411296
2138.692948483282
2107.0669401411296
2138.692948483282
2107.0669401411296
2138.692948483282
2107.0669401411296
2138.692948483282
2107.0669401411296
2138.692948483282
2107.0669401411296
2138.692948483282
2107.0669401411296
2138.692948483282
2107.0669401411296
2138.692948483282
2107.0669401411296
2138.692948483282
2107.0669401411296
2138.692948483282
2106.4011053218223
2143.834778403765
2106.4011053218223
2143.834778403765
2106.4011053218223
2143.834778403765
2106.4011053218223
2135.777564432004
2106.4011053218223
2104.3721228286367
2122.362653451097
2104.3721228286367
2122.362653451097
2104.3721228286367
2122.362653451097
2104.3721228286367
2122.362653451097
2104.3721228286367
2122.362653451097
2104.3721228286367
2122.362653451097
2104.3721228286367
2120.9517967035636
2152.128382239036
2120.9517967035636
2152.128382239036
2120.9517967035636
2152.128382239036
2120.9517967035636
2152.128382239036
2120.9517967035636
2152.128382239036
2120.9517967035636
2152.128382239036
2120.9517967035636
2152.128382239036
2120.9517967035636
2152.128382239036
2120.9517967035636
2152.128382239036
2120.9517967035636
2152.128382239036
2120.9517967035636
2152.128382239036
2120.9517967035636
2152.128382239036
2120.9517967035636
2152.128382239036
2120.9517967035636
2152.128382239036
2120.9517967035636
2152.128382239036
2120.9517967035636
2152.128382239036
2120.9517967035636
2152.128382239036
2120.9517967035636
2152.128382239036
2120.9517967035636
2152.128382239036
2120.9517967035636
2152.128382239036
2120.9517967035636
2152.128382239036
2120.9517967035636
2152.128382239036
2120.9517967035636
2152.128382239036
2120.9517967035636
2152.128382239036
2059.3332197480886
2072.789300824719
2079.8064490688434
2083.1686757056686
2110.4306756422793
2125.7283954222858
2117.620908839237
2057.1019377036487
2083.4320274708457
2125.273099768046
2143.78067906785
2125.273099768046
2143.78067906785
2096.573161665271
2135.6785036028123
2096.573161665271
2135.6785036028123
2096.573161665271
2135.6785036028123
2096.573161665271
2135.6785036028123
2096.573161665271
2135.6785036028123
2096.573161665271
2135.6785036028123
2096.573161665271
2135.6785036028123
2096.573161665271
2135.6785036028123
2096.573161665271
2135.6785036028123
2096.573161665271
2135.6785036028123
2096.573161665271
2135.6785036028123
2096.573161665271
2135.6785036028123
2096.573161665271
2135.6785036028123
2096.573161665271
2122.3768589401966
2126.0289291090794
2122.3768589401966
2126.0289291090794
2122.3768589401966
2126.0289291090794
2122.3768589401966
2126.0289291090794
2122.3768589401966
2126.0289291090794
2122.3768589401966
2126.0289291090794
2122.3768589401966
2114.422978647221
2122.3768589401966
2126.0289291090794
2122.3768589401966
2126.0289291090794
2122.3768589401966
2126.0289291090794
2122.3768589401966
2126.0289291090794
2122.3768589401966
2126.0289291090794
2122.3768589401966
2126.0289291090794
2122.3768589401966
2126.0289291090794
2122.3768589401966
2126.0289291090794
2122.3768589401966
2126.0289291090794
2122.3768589401966
2126.0289291090794
2122.3768589401966
2126.0289291090794
2122.3768589401966
2114.422978647221
2126.6404920291284
2114.422978647221
2126.6404920291284
2114.422978647221
2126.6404920291284
2126.0289291090794
2122.3768589401966
2126.0289291090794
2122.3768589401966
2126.0289291090794
2122.3768589401966
2126.0289291090794
2122.3768589401966
2126.0289291090794
2122.3768589401966
2126.0289291090794
2122.3768589401966
2126.0289291090794
2122.3768589401966
2126.0289291090794
2122.3768589401966
2126.0289291090794
2059.3332197480886
2072.789300824719
2079.8064490688434
2083.1686757056686
2110.4306756422793
2125.7283954222858
2117.620908839237
2098.3095971919834
2128.794719956498
2132.802671457524
2093.4299645293854
2132.802671457524
2093.4299645293854
2132.802671457524
2093.4299645293854
2132.802671457524
2093.4299645293854
2132.802671457524
2093.4299645293854
2132.802671457524
2143.78067906785
2125.273099768046
2143.78067906785
2125.273099768046
2143.78067906785
2125.273099768046
2143.78067906785
2125.273099768046
2143.78067906785
2125.273099768046
2143.78067906785
2125.273099768046
2143.78067906785
2125.273099768046
2143.78067906785
2125.273099768046
2143.78067906785
2125.273099768046
2143.78067906785
2125.273099768046
2143.78067906785
2125.273099768046
2143.78067906785
2125.273099768046
2143.78067906785
2125.273099768046
2143.78067906785
2125.273099768046
2143.78067906785
2125.273099768046
2143.78067906785
2125.273099768046
2143.78067906785
2079.782524818379
2143.78067906785
2125.273099768046
2143.78067906785
2125.273099768046
2143.78067906785
2125.273099768046
2143.78067906785
2102.4212989036987
2149.9963625934843
2102.4212989036987
2149.9963625934843
2102.4212989036987
2149.9963625934843
2102.4212989036987
2149.9963625934843
2119.2311571638006
2153.5375477842827
2119.2311571638006
2153.5375477842827
2119.2311571638006
2153.5375477842827
2119.2311571638006
2153.5375477842827
2119.2311571638006
2153.5375477842827
2119.2311571638006
2153.5375477842827
2119.2311571638006
2153.5375477842827
2119.2311571638006
2153.5375477842827
2119.2311571638006
2153.5375477842827
2119.2311571638006
2153.5375477842827
2119.2311571638006
2153.5375477842827
2119.2311571638006
2153.5375477842827
2119.2311571638006
2153.5375477842827
2119.2311571638006
2153.5375477842827
2119.2311571638006
2153.5375477842827
2119.2311571638006
2059.3332197480886
2072.789300824719
2079.8064490688434
2083.1686757056686
2110.4306756422793
2125.7283954222858
2102.3591173246914
2139.8976612362644
2126.140668299738
2120.5278685607045
2132.593733117827
2120.5278685607045
2132.593733117827
2120.5278685607045
2132.593733117827
2120.5278685607045
2132.593733117827
2120.5278685607045
2132.593733117827
2120.5278685607045
2132.593733117827
2120.5278685607045
2132.593733117827
2120.5278685607045
2132.593733117827
2120.5278685607045
2132.593733117827
2120.5278685607045
2132.593733117827
2120.5278685607045
2132.593733117827
2120.5278685607045
2132.593733117827
2120.5278685607045
2132.593733117827
2120.5278685607045
2132.593733117827
2120.5278685607045
2132.593733117827
2120.5278685607045
2132.593733117827
2120.5278685607045
2132.593733117827
2120.5278685607045
2132.593733117827
2120.5278685607045
2132.593733117827
2120.5278685607045
2132.593733117827
2120.5278685607045
2132.593733117827
2120.5278685607045
2132.593733117827
2120.5278685607045
2132.593733117827
2120.5278685607045
2132.593733117827
2120.5278685607045
2132.593733117827
2120.5278685607045
2132.593733117827
2120.5278685607045
2132.593733117827
2120.5278685607045
2132.593733117827
2120.5278685607045
2132.593733117827
2120.5278685607045
2132.593733117827
2120.5278685607045
2132.593733117827
2120.5278685607045
2132.593733117827
2120.5278685607045
2132.593733117827
2120.5278685607045
2120.4587218038128
2136.344644844289
2120.4587218038128
2136.344644844289
2120.4587218038128
2136.344644844289
2120.4587218038128
2136.344644844289
2120.4587218038128
2136.344644844289
2120.4587218038128
2136.344644844289
2120.4587218038128
2136.344644844289
2120.4587218038128
2136.344644844289
2120.4587218038128
2136.344644844289
2120.4587218038128
2136.344644844289
2120.4587218038128
2136.344644844289
2120.4587218038128
2136.344644844289
2059.3332197480886
2072.789300824719
2079.8064490688434
2083.1686757056686
2110.4306756422793
2125.7283954222858
2112.0827028304325
2139.8976612362644
2121.6290864154566
2124.0086795617467
2113.705358731868
2124.0086795617467
2113.705358731868
2124.0086795617467
2113.705358731868
2124.0086795617467
2113.705358731868
2124.0086795617467
2113.705358731868
2124.0086795617467
2113.705358731868
2124.0086795617467
2113.705358731868
2124.0086795617467
2113.705358731868
2124.0086795617467
2113.705358731868
2124.0086795617467
2113.705358731868
2124.0086795617467
2113.705358731868
2124.0086795617467
2113.705358731868
2124.0086795617467
2113.705358731868
2124.0086795617467
2113.705358731868
2124.0086795617467
2113.705358731868
2124.0086795617467
2113.705358731868
2124.0086795617467
2113.705358731868
2124.0086795617467
2113.705358731868
2124.0086795617467
2120.4587218038128
2136.344644844289
2120.4587218038128
2136.344644844289
2120.4587218038128
2136.344644844289
2120.4587218038128
2136.344644844289
2120.4587218038128
2136.344644844289
2120.4587218038128
2136.344644844289
2120.4587218038128
2136.344644844289
2120.4587218038128
2136.344644844289
2120.4587218038128
2136.344644844289
2120.4587218038128
2136.344644844289
2120.4587218038128
2136.344644844289
2120.4587218038128
2136.344644844289
2120.4587218038128
2136.344644844289
2120.4587218038128
2136.344644844289
2120.4587218038128
2136.344644844289
2120.4587218038128
2136.344644844289
2120.4587218038128
2136.344644844289
2120.4587218038128
2136.344644844289
2120.4587218038128
2136.344644844289
2120.4587218038128
2136.344644844289
2120.4587218038128
2136.344644844289
2120.4587218038128
2136.344644844289
2120.4587218038128
2136.344644844289
2120.4587218038128
2136.344644844289
2120.4587218038128
2136.344644844289
2120.4587218038128
2136.344644844289
2120.4587218038128
2136.344644844289
2059.3332197480886
2072.789300824719
2079.8064490688434
2083.1686757056686
2110.4306756422793
2125.7283954222858
2102.3591173246914
2098.3095971919834
2128.794719956498
2132.802671457524
2093.4299645293854
2132.802671457524
2093.4299645293854
2132.802671457524
2093.4299645293854
2132.802671457524
2132.593733117827
2120.5278685607045
2132.593733117827
2120.5278685607045
2132.593733117827
2120.5278685607045
2132.593733117827
2120.5278685607045
2132.593733117827
2120.5278685607045
2132.593733117827
2120.5278685607045
2132.593733117827
2120.5278685607045
2132.593733117827
2120.5278685607045
2132.593733117827
2120.5278685607045
2132.593733117827
2120.5278685607045
2132.593733117827
2136.344644844289
2120.4587218038128
2136.344644844289
2120.4587218038128
2136.344644844289
2132.593733117827
2136.344644844289
2132.593733117827
2136.344644844289
2120.4587218038128
2136.344644844289
2132.593733117827
2136.344644844289
2120.4587218038128
2136.344644844289
2120.4587218038128
2136.344644844289
2120.4587218038128
2136.344644844289
2120.4587218038128
2136.344644844289
2120.4587218038128
2136.344644844289
2120.4587218038128
2136.344644844289
2120.4587218038128
2136.344644844289
2120.4587218038128
2136.344644844289
2120.4587218038128
2136.344644844289
2120.4587218038128
2136.344644844289
2120.4587218038128
2136.344644844289
2120.4587218038128
2136.344644844289
2120.4587218038128
2136.344644844289
2120.4587218038128
2136.344644844289
2120.4587218038128
2136.344644844289
2120.4587218038128
2136.344644844289
2120.4587218038128
2136.344644844289
2120.4587218038128
2136.344644844289
2120.4587218038128
2136.344644844289
2120.4587218038128
2136.344644844289
2120.4587218038128
2136.344644844289
2120.4587218038128
2136.344644844289
2120.4587218038128
2136.344644844289
2120.4587218038128
2136.344644844289
2120.4587218038128
2136.344644844289
2059.3332197480886
2072.789300824719
2079.8064490688434
2083.1686757056686
2110.4306756422793
2125.7283954222858
2112.0827028304325
2025.7518307402286
2136.2717493059654
2119.7373148320294
2132.593733117827
2120.5278685607045
2132.593733117827
2120.5278685607045
2132.593733117827
2136.344644844289
2120.4587218038128
2136.344644844289
2120.4587218038128
2136.344644844289
2120.4587218038128
2136.344644844289
2120.4587218038128
2136.344644844289
2072.134021944673
2125.222029846708
2072.134021944673
2125.222029846708
2072.134021944673
2125.222029846708
2072.134021944673
2125.222029846708
2072.134021944673
2125.222029846708
2072.134021944673
2125.222029846708
2072.134021944673
2125.222029846708
2072.134021944673
2125.222029846708
2072.134021944673
2125.222029846708
2072.134021944673
2125.222029846708
2072.134021944673
2125.222029846708
2072.134021944673
2125.222029846708
2072.134021944673
2125.222029846708
2072.134021944673
2125.222029846708
2072.134021944673
2125.222029846708
2072.134021944673
2125.222029846708
2072.134021944673
2125.222029846708
2072.134021944673
2125.222029846708
2072.134021944673
2125.222029846708
2072.134021944673
2125.222029846708
2072.134021944673
2125.222029846708
2072.134021944673
2125.222029846708
2072.134021944673
2125.222029846708
2117.9098357545276
2105.279386392021
2117.9098357545276
2105.279386392021
2072.134021944673
2125.222029846708
2072.134021944673
2105.279386392021
2117.9098357545276
2105.279386392021
2117.9098357545276
2105.279386392021
2117.9098357545276
2105.279386392021
2117.9098357545276
2105.279386392021
2117.9098357545276
2105.279386392021
2117.9098357545276
2105.279386392021
2117.9098357545276
2105.279386392021
2117.9098357545276
2105.279386392021
2117.9098357545276
2105.279386392021
2117.9098357545276
2105.279386392021
2117.9098357545276
2105.279386392021
2059.3332197480886
2072.789300824719
2079.8064490688434
2083.1686757056686
2110.4306756422793
2125.7283954222858
2112.0827028304325
2139.8976612362644
2126.140668299738
2119.7373148320294
2126.140668299738
2119.7373148320294
2126.140668299738
2119.7373148320294
2126.140668299738
2119.7373148320294
2126.140668299738
2119.7373148320294
2126.140668299738
2119.7373148320294
2126.140668299738
2119.7373148320294
2126.140668299738
2119.7373148320294
2126.140668299738
2119.7373148320294
2126.140668299738
2119.7373148320294
2126.140668299738
2119.7373148320294
2126.140668299738
2119.7373148320294
2126.140668299738
2119.7373148320294
2126.140668299738
2119.7373148320294
2126.140668299738
2119.7373148320294
2126.140668299738
2119.7373148320294
2126.140668299738
2119.7373148320294
2126.140668299738
2119.7373148320294
2132.593733117827
2120.5278685607045
2132.593733117827
2120.5278685607045
2132.593733117827
2120.5278685607045
2132.593733117827
2120.5278685607045
2132.593733117827
2120.5278685607045
2132.593733117827
2120.5278685607045
2132.593733117827
2120.5278685607045
2132.593733117827
2120.5278685607045
2132.593733117827
2120.5278685607045
2132.593733117827
2120.5278685607045
2132.593733117827
2120.5278685607045
2132.593733117827
2120.5278685607045
2132.593733117827
2120.5278685607045
2132.593733117827
2120.5278685607045
2132.593733117827
2120.5278685607045
2132.593733117827
2120.5278685607045
2132.593733117827
2120.5278685607045
2132.593733117827
2120.5278685607045
2132.593733117827
2120.5278685607045
2132.593733117827
2120.5278685607045
2132.593733117827
2120.5278685607045
2132.593733117827
2120.5278685607045
2132.593733117827
2120.5278685607045
2132.593733117827
2120.5278685607045
2132.593733117827
2120.5278685607045
2132.593733117827
2120.5278685607045
2132.593733117827
2120.5278685607045
2132.593733117827
2120.5278685607045
2059.3332197480886
2072.789300824719
2079.8064490688434
2083.1686757056686
2110.4306756422793
2125.7283954222858
2112.0827028304325
2139.8976612362644
2071.443410519614
2129.8140217070045
2132.593733117827
2120.5278685607045
2132.593733117827
2120.5278685607045
2132.593733117827
2120.5278685607045
2132.593733117827
2120.5278685607045
2132.593733117827
2120.5278685607045
2132.593733117827
2120.5278685607045
2132.593733117827
2120.5278685607045
2132.593733117827
2120.5278685607045
2132.593733117827
2120.5278685607045
2132.593733117827
2120.5278685607045
2132.593733117827
2120.5278685607045
2132.593733117827
2120.5278685607045
2132.593733117827
2120.5278685607045
2132.593733117827
2120.5278685607045
2132.593733117827
2120.5278685607045
2132.593733117827
2120.5278685607045
2132.593733117827
2120.5278685607045
2132.593733117827
2120.5278685607045
2132.593733117827
2120.5278685607045
2132.593733117827
2120.5278685607045
2132.593733117827
2120.5278685607045
2132.593733117827
2120.5278685607045
2132.593733117827
2120.5278685607045
2132.593733117827
2120.5278685607045
2132.593733117827
2120.5278685607045
2132.593733117827
2120.5278685607045
2132.593733117827
2120.5278685607045
2132.593733117827
2120.5278685607045
2132.593733117827
2120.5278685607045
2132.593733117827
2120.5278685607045
2132.593733117827
2120.5278685607045
2132.593733117827
2120.5278685607045
2132.593733117827
2120.5278685607045
2132.593733117827
2120.5278685607045
2132.593733117827
2120.5278685607045
2132.593733117827
2120.5278685607045
2132.593733117827
2120.5278685607045
2132.593733117827
2120.5278685607045
2132.593733117827
2120.5278685607045
2132.593733117827
2120.5278685607045
2132.593733117827
2120.5278685607045
2132.593733117827
2120.5278685607045
2132.593733117827
2120.5278685607045
2132.593733117827
2120.5278685607045
2132.593733117827
2120.5278685607045
2059.3332197480886
2072.789300824719
2079.8064490688434
2101.5664413102118
2110.4306756422793
2125.7283954222858
2102.3591173246914
2139.8976612362644
2071.443410519614
2129.8140217070045
2114.314838852645
2129.8140217070045
2114.314838852645
2129.8140217070045
2114.314838852645
2129.8140217070045
2114.314838852645
2129.8140217070045
2114.314838852645
2129.8140217070045
2114.314838852645
2129.8140217070045
2114.314838852645
2129.8140217070045
2114.314838852645
2129.8140217070045
2114.314838852645
2129.8140217070045
2114.314838852645
2129.8140217070045
2114.314838852645
2129.8140217070045
2114.314838852645
2129.8140217070045
2114.314838852645
2129.8140217070045
2114.314838852645
2129.8140217070045
2114.314838852645
2129.8140217070045
2114.314838852645
2129.8140217070045
2114.314838852645
2129.8140217070045
2114.314838852645
2129.8140217070045
2114.314838852645
2129.8140217070045
2114.314838852645
2129.8140217070045
2114.314838852645
2129.8140217070045
2114.314838852645
2129.8140217070045
2114.314838852645
2129.8140217070045
2114.314838852645
2129.8140217070045
2114.314838852645
2129.8140217070045
2114.314838852645
2129.8140217070045
2114.314838852645
2129.8140217070045
2114.314838852645
2129.8140217070045
2114.314838852645
2129.8140217070045
2114.314838852645
2129.8140217070045
2114.314838852645
2129.8140217070045
2114.314838852645
2129.8140217070045
2114.314838852645
2129.8140217070045
2114.314838852645
2129.8140217070045
2114.314838852645
2129.8140217070045
2114.314838852645
2129.8140217070045
2114.314838852645
2129.8140217070045
2114.314838852645
2129.8140217070045
2114.314838852645
2129.8140217070045
2114.314838852645
2129.8140217070045
2114.314838852645
2129.8140217070045
2114.314838852645
2129.8140217070045
2114.314838852645
2129.8140217070045
2114.314838852645
2129.8140217070045
2114.314838852645
2129.8140217070045
2059.3332197480886
2072.789300824719
2079.8064490688434
2101.5664413102118
2110.4306756422793
2125.7283954222858
2121.9884017099744
2133.1168944797596
2071.443410519614
2139.8976612362644
2071.443410519614
2139.8976612362644
2071.443410519614
2139.8976612362644
2071.443410519614
2139.8976612362644
2071.443410519614
2139.8976612362644
2071.443410519614
2139.8976612362644
2071.443410519614
2139.8976612362644
2071.443410519614
2119.7373148320294
2126.140668299738
2119.7373148320294
2126.140668299738
2119.7373148320294
2132.593733117827
2120.5278685607045
2132.593733117827
2120.5278685607045
2132.593733117827
2120.5278685607045
2132.593733117827
2120.5278685607045
2132.593733117827
2120.5278685607045
2132.593733117827
2120.5278685607045
2132.593733117827
2120.5278685607045
2132.593733117827
2120.5278685607045
2132.593733117827
2120.5278685607045
2132.593733117827
2120.5278685607045
2132.593733117827
2120.5278685607045
2132.593733117827
2120.5278685607045
2132.593733117827
2120.5278685607045
2132.593733117827
2120.5278685607045
2132.593733117827
2120.5278685607045
2132.593733117827
2120.5278685607045
2132.593733117827
2120.5278685607045
2132.593733117827
2120.5278685607045
2132.593733117827
2120.5278685607045
2132.593733117827
2120.5278685607045
2132.593733117827
2120.5278685607045
2132.593733117827
2120.5278685607045
2132.593733117827
2120.5278685607045
2132.593733117827
2120.5278685607045
2132.593733117827
2120.5278685607045
2132.593733117827
2120.5278685607045
2132.593733117827
2120.5278685607045
2132.593733117827
2120.5278685607045
2132.593733117827
2120.5278685607045
2132.593733117827
2120.5278685607045
2132.593733117827
2120.5278685607045
2132.593733117827
2120.5278685607045
2132.593733117827
2120.5278685607045
2132.593733117827
2120.5278685607045
2132.593733117827
2120.5278685607045
2132.593733117827
2120.5278685607045
2059.3332197480886
1999.5351688516707
2079.8064490688434
2101.5664413102118
2110.4306756422793
2125.7283954222858
2102.3591173246914
2139.8976612362644
2071.443410519614
2119.7373148320294
2132.593733117827
2120.5278685607045
2132.593733117827
2120.5278685607045
2132.593733117827
2120.5278685607045
2132.593733117827
2120.5278685607045
2132.593733117827
2120.5278685607045
2132.593733117827
2120.5278685607045
2132.593733117827
2120.5278685607045
2132.593733117827
2120.5278685607045
2132.593733117827
2120.5278685607045
2132.593733117827
2120.5278685607045
2132.593733117827
2120.5278685607045
2132.593733117827
2120.5278685607045
2132.593733117827
2120.5278685607045
2132.593733117827
2120.5278685607045
2132.593733117827
2120.5278685607045
2132.593733117827
2120.5278685607045
2132.593733117827
2120.5278685607045
2132.593733117827
2120.5278685607045
2132.593733117827
2120.5278685607045
2132.593733117827
2120.5278685607045
2132.593733117827
2120.5278685607045
2132.593733117827
2120.5278685607045
2132.593733117827
2120.5278685607045
2132.593733117827
2120.5278685607045
2132.593733117827
2120.5278685607045
2132.593733117827
2120.5278685607045
2132.593733117827
2120.5278685607045
2132.593733117827
2120.5278685607045
2132.593733117827
2120.5278685607045
2132.593733117827
2120.5278685607045
2132.593733117827
2120.5278685607045
2132.593733117827
2120.5278685607045
2132.593733117827
2120.5278685607045
2132.593733117827
2120.5278685607045
2132.593733117827
2120.5278685607045
2132.593733117827
2120.5278685607045
2132.593733117827
2120.5278685607045
2132.593733117827
2120.5278685607045
2132.593733117827
2120.5278685607045
2132.593733117827
2120.5278685607045
2132.593733117827
2120.5278685607045
2132.593733117827
2120.5278685607045
2132.593733117827
2120.5278685607045
2132.593733117827
2120.5278685607045
2132.593733117827
2120.5278685607045
2059.3332197480886
2072.789300824719
2079.8064490688434
2101.5664413102118
2110.4306756422793
2125.7283954222858
2118.4140698509545
2057.1019377036487
2123.3060329060295
2120.5278685607045
2132.593733117827
2120.5278685607045
2132.593733117827
2120.5278685607045
2132.593733117827
2120.5278685607045
2132.593733117827
2120.5278685607045
2132.593733117827
2120.5278685607045
2132.593733117827
2120.5278685607045
2132.593733117827
2120.5278685607045
2132.593733117827
2120.5278685607045
2132.593733117827
2120.5278685607045
2132.593733117827
2120.5278685607045
2132.593733117827
2120.5278685607045
2132.593733117827
2120.5278685607045
2132.593733117827
2120.5278685607045
2132.593733117827
2120.5278685607045
2132.593733117827
2120.5278685607045
2132.593733117827
2120.5278685607045
2132.593733117827
2120.5278685607045
2132.593733117827
2120.5278685607045
2132.593733117827
2120.5278685607045
2132.593733117827
2120.5278685607045
2132.593733117827
2120.5278685607045
2132.593733117827
2120.5278685607045
2132.593733117827
2120.5278685607045
2132.593733117827
2120.5278685607045
2132.593733117827
2120.5278685607045
2132.593733117827
2120.5278685607045
2132.593733117827
2120.5278685607045
2132.593733117827
2120.5278685607045
2132.593733117827
2120.5278685607045
2132.593733117827
2120.5278685607045
2132.593733117827
2120.5278685607045
2132.593733117827
2120.5278685607045
2132.593733117827
2120.5278685607045
2132.593733117827
2120.5278685607045
2132.593733117827
2120.5278685607045
2132.593733117827
2120.5278685607045
2132.593733117827
2120.5278685607045
2132.593733117827
2120.5278685607045
2132.593733117827
2120.5278685607045
2132.593733117827
2120.5278685607045
2132.593733117827
2120.5278685607045
2132.593733117827
2120.5278685607045
2132.593733117827
2120.5278685607045
2132.593733117827
2120.5278685607045
2132.593733117827
2120.5278685607045
2059.3332197480886
2072.789300824719
2079.8064490688434
2083.1686757056686
2110.4306756422793
2125.7283954222858
2117.620908839237
2057.1019377036487
2093.4299645293854
2120.5278685607045
2132.593733117827
2120.5278685607045
2132.593733117827
2120.5278685607045
2132.593733117827
2120.5278685607045
2132.593733117827
2120.5278685607045
2132.593733117827
2120.5278685607045
2132.593733117827
2120.5278685607045
2132.593733117827
2120.5278685607045
2132.593733117827
2120.5278685607045
2132.593733117827
2120.5278685607045
2132.593733117827
2120.5278685607045
2132.593733117827
2120.5278685607045
2132.593733117827
2120.5278685607045
2132.593733117827
2120.5278685607045
2132.593733117827
2120.5278685607045
2132.593733117827
2120.5278685607045
2132.593733117827
2120.5278685607045
2132.593733117827
2120.5278685607045
2132.593733117827
2120.5278685607045
2132.593733117827
2120.5278685607045
2132.593733117827
2120.5278685607045
2132.593733117827
2120.5278685607045
2132.593733117827
2120.5278685607045
2132.593733117827
2120.5278685607045
2132.593733117827
2120.5278685607045
2132.593733117827
2120.5278685607045
2132.593733117827
2120.5278685607045
2132.593733117827
2120.5278685607045
2132.593733117827
2120.5278685607045
2132.593733117827
2120.5278685607045
2132.593733117827
2120.5278685607045
2132.593733117827
2120.5278685607045
2132.593733117827
2120.5278685607045
2132.593733117827
2120.5278685607045
2132.593733117827
2120.5278685607045
2132.593733117827
2120.5278685607045
2132.593733117827
2120.5278685607045
2132.593733117827
2120.5278685607045
2132.593733117827
2120.5278685607045
2132.593733117827
2120.5278685607045
2132.593733117827
2120.5278685607045
2132.593733117827
2120.5278685607045
2132.593733117827
2120.5278685607045
2132.593733117827
2120.5278685607045
2132.593733117827
2120.5278685607045
2132.593733117827
2120.5278685607045
2059.3332197480886
2072.789300824719
2079.8064490688434
2083.1686757056686
2110.4306756422793
2125.7283954222858
2117.620908839237
2098.3095971919834
2128.794719956498
2132.802671457524
2132.593733117827
2120.5278685607045
2132.593733117827
2120.5278685607045
2132.593733117827
2120.5278685607045
2132.593733117827
2120.5278685607045
2132.593733117827
2120.5278685607045
2132.593733117827
2120.5278685607045
2132.593733117827
2120.5278685607045
2132.593733117827
2120.5278685607045
2132.593733117827
2120.5278685607045
2132.593733117827
2120.5278685607045
2132.593733117827
2120.5278685607045
2132.593733117827
2120.5278685607045
2132.593733117827
2120.5278685607045
2132.593733117827
2120.5278685607045
2132.593733117827
2120.5278685607045
2132.593733117827
2120.5278685607045
2132.593733117827
2120.5278685607045
2132.593733117827
2120.5278685607045
2132.593733117827
2120.5278685607045
2132.593733117827
2120.5278685607045
2132.593733117827
2120.5278685607045
2132.593733117827
2120.5278685607045
2132.593733117827
2120.5278685607045
2132.593733117827
2120.5278685607045
2132.593733117827
2120.5278685607045
2132.593733117827
2120.5278685607045
2132.593733117827
2120.5278685607045
2132.593733117827
2120.5278685607045
2132.593733117827
2120.5278685607045
2132.593733117827
2120.5278685607045
2132.593733117827
2120.5278685607045
2132.593733117827
2120.5278685607045
2132.593733117827
2120.5278685607045
2132.593733117827
2120.5278685607045
2132.593733117827
2120.5278685607045
2132.593733117827
2120.5278685607045
2132.593733117827
2120.5278685607045
2132.593733117827
2120.5278685607045
2132.593733117827
2120.5278685607045
2132.593733117827
2120.5278685607045
2132.593733117827
2120.5278685607045
2132.593733117827
2120.5278685607045
2132.593733117827
2120.5278685607045
2132.593733117827
2120.5278685607045
2132.593733117827
2120.5278685607045
2059.3332197480886
2072.789300824719
2079.8064490688434
2083.1686757056686
2110.4306756422793
2125.7283954222858
2117.620908839237
2057.1019377036487
2094.351916522437
2132.802671457524
2132.593733117827
2120.5278685607045
2132.593733117827
2120.5278685607045
2132.593733117827
2120.5278685607045
2132.593733117827
2120.5278685607045
2132.593733117827
2120.5278685607045
2132.593733117827
2120.5278685607045
2132.593733117827
2120.5278685607045
2132.593733117827
2120.5278685607045
2132.593733117827
2120.5278685607045
2132.593733117827
2120.5278685607045
2132.593733117827
2120.5278685607045
2132.593733117827
2120.5278685607045
2132.593733117827
2120.5278685607045
2132.593733117827
2120.5278685607045
2132.593733117827
2120.5278685607045
2132.593733117827
2120.5278685607045
2132.593733117827
2120.5278685607045
2132.593733117827
2120.5278685607045
2132.593733117827
2120.5278685607045
2132.593733117827
2120.5278685607045
2132.593733117827
2120.5278685607045
2132.593733117827
2120.5278685607045
2132.593733117827
2120.5278685607045
2132.593733117827
2120.5278685607045
2132.593733117827
2120.5278685607045
2132.593733117827
2120.5278685607045
2132.593733117827
2120.5278685607045
2132.593733117827
2120.5278685607045
2132.593733117827
2120.5278685607045
2132.593733117827
2120.5278685607045
2132.593733117827
2120.5278685607045
2132.593733117827
2120.5278685607045
2132.593733117827
2120.5278685607045
2132.593733117827
2120.5278685607045
2132.593733117827
2120.5278685607045
2132.593733117827
2120.5278685607045
2132.593733117827
2120.5278685607045
2132.593733117827
2120.5278685607045
2132.593733117827
2120.5278685607045
2132.593733117827
2120.5278685607045
2132.593733117827
2120.5278685607045
2132.593733117827
2120.5278685607045
2132.593733117827
2120.5278685607045
2132.593733117827
2120.5278685607045
2132.593733117827
2120.5278685607045
2059.3332197480886
2072.789300824719
2079.8064490688434
2083.1686757056686
2110.4306756422793
2125.7283954222858
2117.620908839237
2098.3095971919834
2093.4299645293854
2132.802671457524
2132.593733117827
2120.5278685607045
2132.593733117827
2120.5278685607045
2132.593733117827
2120.5278685607045
2132.593733117827
2120.5278685607045
2132.593733117827
2120.5278685607045
2132.593733117827
2120.5278685607045
2132.593733117827
2120.5278685607045
2132.593733117827
2120.5278685607045
2132.593733117827
2120.5278685607045
2132.593733117827
2120.5278685607045
2132.593733117827
2120.5278685607045
2132.593733117827
2120.5278685607045
2132.593733117827
2120.5278685607045
2132.593733117827
2128.0223535468654
2144.40053581941
2128.0223535468654
2144.40053581941
2128.0223535468654
2144.40053581941
2128.0223535468654
2144.40053581941
2128.0223535468654
2144.40053581941
2128.0223535468654
2144.40053581941
2128.0223535468654
2144.40053581941
2128.0223535468654
2144.40053581941
2128.0223535468654
2144.40053581941
2128.0223535468654
2144.40053581941
2128.0223535468654
2144.40053581941
2128.0223535468654
2144.40053581941
2128.0223535468654
2144.40053581941
2128.0223535468654
2144.40053581941
2128.0223535468654
2144.40053581941
2128.0223535468654
2144.40053581941
2128.0223535468654
2144.40053581941
2128.0223535468654
2144.40053581941
2128.0223535468654
2144.40053581941
2128.0223535468654
2144.40053581941
2128.0223535468654
2144.40053581941
2128.0223535468654
2144.40053581941
2128.0223535468654
2144.40053581941
2128.0223535468654
2144.40053581941
2128.0223535468654
2144.40053581941
2128.0223535468654
2144.40053581941
2128.0223535468654
2144.40053581941
2128.0223535468654
2144.40053581941
2128.0223535468654
2144.40053581941
2128.0223535468654
2144.40053581941
2128.0223535468654
2144.40053581941
2128.0223535468654
2059.3332197480886
2072.789300824719
2079.8064490688434
2101.5664413102118
2110.4306756422793
2125.7283954222858
2112.0827028304325
2025.7518307402286
2123.3060329060295
2113.5048865555104
2132.593733117827
2128.0223535468654
2144.40053581941
2128.0223535468654
2144.40053581941
2128.0223535468654
2144.40053581941
2128.0223535468654
2144.40053581941
2128.0223535468654
2144.40053581941
2128.0223535468654
2144.40053581941
2128.0223535468654
2144.40053581941
2128.0223535468654
2144.40053581941
2128.0223535468654
2144.40053581941
2128.0223535468654
2144.40053581941
2128.0223535468654
2144.40053581941
2128.0223535468654
2144.40053581941
2128.0223535468654
2144.40053581941
2128.0223535468654
2144.40053581941
2128.0223535468654
2144.40053581941
2128.0223535468654
2144.40053581941
2128.0223535468654
2144.40053581941
2128.0223535468654
2144.40053581941
2128.0223535468654
2144.40053581941
2128.0223535468654
2144.40053581941
2128.0223535468654
2144.40053581941
2128.0223535468654
2144.40053581941
2128.0223535468654
2144.40053581941
2128.0223535468654
2144.40053581941
2128.0223535468654
2144.40053581941
2128.0223535468654
2144.40053581941
2128.0223535468654
2144.40053581941
2128.0223535468654
2144.40053581941
2128.0223535468654
2144.40053581941
2128.0223535468654
2144.40053581941
2128.0223535468654
2144.40053581941
2128.0223535468654
2144.40053581941
2128.0223535468654
2144.40053581941
2128.0223535468654
2144.40053581941
2128.0223535468654
2144.40053581941
2128.0223535468654
2144.40053581941
2128.0223535468654
2144.40053581941
2128.0223535468654
2144.40053581941
2128.0223535468654
2144.40053581941
2128.0223535468654
2144.40053581941
2128.0223535468654
2144.40053581941
2128.0223535468654
2144.40053581941
2128.0223535468654
2144.40053581941
2128.0223535468654
2144.40053581941
2128.0223535468654
2059.3332197480886
2072.789300824719
2079.8064490688434
2083.1686757056686
2110.4306756422793
2125.7283954222858
2112.0827028304325
2025.7518307402286
2108.7180459119813
2141.880133234962
2124.147299423494
2128.0223535468654
2144.40053581941
2128.0223535468654
2144.40053581941
2128.0223535468654
2144.40053581941
2128.0223535468654
2144.40053581941
2128.0223535468654
2144.40053581941
2128.0223535468654
2144.40053581941
2128.0223535468654
2144.40053581941
2128.0223535468654
2144.40053581941
2128.0223535468654
2144.40053581941
2128.0223535468654
2144.40053581941
2128.0223535468654
2144.40053581941
2128.0223535468654
2144.40053581941
2128.0223535468654
2144.40053581941
2128.0223535468654
2144.40053581941
2128.0223535468654
2144.40053581941
2128.0223535468654
2144.40053581941
2128.0223535468654
2144.40053581941
2128.0223535468654
2144.40053581941
2128.0223535468654
2144.40053581941
2128.0223535468654
2144.40053581941
2128.0223535468654
2144.40053581941
2128.0223535468654
2144.40053581941
2128.0223535468654
2144.40053581941
2128.0223535468654
2144.40053581941
2128.0223535468654
2144.40053581941
2128.0223535468654
2144.40053581941
2128.0223535468654
2144.40053581941
2128.0223535468654
2144.40053581941
2128.0223535468654
2144.40053581941
2128.0223535468654
2144.40053581941
2128.0223535468654
2144.40053581941
2128.0223535468654
2144.40053581941
2128.0223535468654
2144.40053581941
2128.0223535468654
2144.40053581941
2128.0223535468654
2144.40053581941
2128.0223535468654
2144.40053581941
2128.0223535468654
2144.40053581941
2128.0223535468654
2144.40053581941
2128.0223535468654
2144.40053581941
2128.0223535468654
2144.40053581941
2128.0223535468654
2144.40053581941
2128.0223535468654
2144.40053581941
2128.0223535468654
2144.40053581941
2128.0223535468654
2144.40053581941
2128.0223535468654
2059.3332197480886
2072.789300824719
2079.8064490688434
2083.1686757056686
2110.4306756422793
2125.7283954222858
2112.0827028304325
2133.1168944797596
2114.3385592721215
2137.730868872541
2129.815070231697
2128.0223535468654
2144.40053581941
2128.0223535468654
2144.40053581941
2128.0223535468654
2144.40053581941
2128.0223535468654
2144.40053581941
2128.0223535468654
2144.40053581941
2128.0223535468654
2144.40053581941
2128.0223535468654
2144.40053581941
2128.0223535468654
2144.40053581941
2128.0223535468654
2144.40053581941
2128.0223535468654
2144.40053581941
2128.0223535468654
2144.40053581941
2128.0223535468654
2144.40053581941
2128.0223535468654
2144.40053581941
2128.0223535468654
2144.40053581941
2128.0223535468654
2144.40053581941
2128.0223535468654
2144.40053581941
2128.0223535468654
2144.40053581941
2128.0223535468654
2144.40053581941
2128.0223535468654
2144.40053581941
2128.0223535468654
2144.40053581941
2128.0223535468654
2144.40053581941
2128.0223535468654
2144.40053581941
2128.0223535468654
2144.40053581941
2128.0223535468654
2144.40053581941
2128.0223535468654
2144.40053581941
2128.0223535468654
2144.40053581941
2128.0223535468654
2144.40053581941
2128.0223535468654
2144.40053581941
2128.0223535468654
2144.40053581941
2128.0223535468654
2144.40053581941
2128.0223535468654
2144.40053581941
2128.0223535468654
2144.40053581941
2128.0223535468654
2144.40053581941
2128.0223535468654
2144.40053581941
2128.0223535468654
2144.40053581941
2128.0223535468654
2144.40053581941
2128.0223535468654
2144.40053581941
2128.0223535468654
2144.40053581941
2128.0223535468654
2144.40053581941
2128.0223535468654
2144.40053581941
2128.0223535468654
2144.40053581941
2128.0223535468654
2144.40053581941
2128.0223535468654
2144.40053581941
2128.0223535468654
2144.40053581941
2128.0223535468654
2059.3332197480886
2072.789300824719
2079.8064490688434
2083.1686757056686
2110.4306756422793
2125.7283954222858
2112.0827028304325
2067.28317620603
2114.3385592721215
2137.730868872541
2117.7659055154218
2128.0223535468654
2144.40053581941
2128.0223535468654
2144.40053581941
2128.0223535468654
2144.40053581941
2128.0223535468654
2144.40053581941
2128.0223535468654
2144.40053581941
2128.0223535468654
2144.40053581941
2128.0223535468654
2144.40053581941
2128.0223535468654
2144.40053581941
2128.0223535468654
2144.40053581941
2128.0223535468654
2144.40053581941
2128.0223535468654
2144.40053581941
2128.0223535468654
2144.40053581941
2128.0223535468654
2144.40053581941
2128.0223535468654
2144.40053581941
2128.0223535468654
2144.40053581941
2128.0223535468654
2144.40053581941
2128.0223535468654
2144.40053581941
2128.0223535468654
2144.40053581941
2128.0223535468654
2144.40053581941
2128.0223535468654
2144.40053581941
2128.0223535468654
2144.40053581941
2128.0223535468654
2144.40053581941
2128.0223535468654
2144.40053581941
2128.0223535468654
2144.40053581941
2128.0223535468654
2144.40053581941
2128.0223535468654
2144.40053581941
2128.0223535468654
2144.40053581941
2128.0223535468654
2144.40053581941
2128.0223535468654
2144.40053581941
2128.0223535468654
2144.40053581941
2128.0223535468654
2144.40053581941
2128.0223535468654
2144.40053581941
2128.0223535468654
2144.40053581941
2128.0223535468654
2144.40053581941
2128.0223535468654
2144.40053581941
2128.0223535468654
2144.40053581941
2128.0223535468654
2144.40053581941
2128.0223535468654
2144.40053581941
2128.0223535468654
2144.40053581941
2128.0223535468654
2144.40053581941
2128.0223535468654
2144.40053581941
2128.0223535468654
2144.40053581941
2128.0223535468654
2144.40053581941
2128.0223535468654
2144.40053581941
2128.0223535468654
2059.3332197480886
2072.789300824719
2079.8064490688434
2083.1686757056686
2110.4306756422793
2125.7283954222858
2114.7684301255317
2080.7243050509164
2145.084819049214
2137.730868872541
2129.815070231697
2128.0223535468654
2144.40053581941
2128.0223535468654
2144.40053581941
2128.0223535468654
2144.40053581941
2128.0223535468654
2144.40053581941
2128.0223535468654
2144.40053581941
2128.0223535468654
2144.40053581941
2128.0223535468654
2144.40053581941
2128.0223535468654
2144.40053581941
2128.0223535468654
2144.40053581941
2128.0223535468654
2144.40053581941
2128.0223535468654
2144.40053581941
2128.0223535468654
2144.40053581941
2128.0223535468654
2144.40053581941
2128.0223535468654
2144.40053581941
2128.0223535468654
2144.40053581941
2128.0223535468654
2144.40053581941
2128.0223535468654
2144.40053581941
2128.0223535468654
2144.40053581941
2128.0223535468654
2144.40053581941
2128.0223535468654
2144.40053581941
2128.0223535468654
2144.40053581941
2128.0223535468654
2144.40053581941
2128.0223535468654
2144.40053581941
2128.0223535468654
2144.40053581941
2128.0223535468654
2144.40053581941
2128.0223535468654
2144.40053581941
2128.0223535468654
2144.40053581941
2128.0223535468654
2144.40053581941
2128.0223535468654
2144.40053581941
2128.0223535468654
2144.40053581941
2128.0223535468654
2144.40053581941
2128.0223535468654
2144.40053581941
2128.0223535468654
2144.40053581941
2128.0223535468654
2144.40053581941
2128.0223535468654
2144.40053581941
2128.0223535468654
2144.40053581941
2128.0223535468654
2144.40053581941
2128.0223535468654
2144.40053581941
2128.0223535468654
2144.40053581941
2128.0223535468654
2144.40053581941
2128.0223535468654
2144.40053581941
2128.0223535468654
2144.40053581941
2128.0223535468654
2144.40053581941
2128.0223535468654
2144.40053581941
2128.0223535468654
