1974.9128346047164
2045.8020276295688
1976.1996957365131
2019.617832357871
2021.6933124581662
2036.2382471793428
1954.1675994124103
2005.3879299176992
2008.6125681541291
2065.574711955591
2013.9711943825505
1929.3726015840416
2025.164788779538
1934.2345740704427
1818.8704193661235
1935.6763051251419
1797.6690793642865
1576.4812152039929
1800.3544852636126
1844.4614829733714
1599.5569659540713
1502.5366860568383
1780.6679462457118
1981.315095835922
1677.9340654033608
1948.4865412664408
2058.1617369732558
1630.8509823429927
1825.2916505125618
2000.8516780637951
1529.6517082249327
1565.5901696490328
2047.314697779279
1904.3389479468099
1734.3682339077704
1576.1449550173752
1326.3594222844554
1710.4324456623776
1264.4561528207623
1611.2291028682048
1536.5639106200124
1650.1472533283954
1155.3698650767756
1576.7962875797543
1094.9963535407833
1762.8780569103305
1192.9093381902608
1627.7528665479726
1024.0867038974916
1209.6548177274094
1368.9457784731785
1439.1769832458763
1775.470704957017
985.3608560983062
1460.0005919772689
684.2635343641095
1525.3082273697864
1609.1218662764372
726.4911764483741
992.4655563232091
1449.144846728022
1151.2170670730343
1954.5852070375522
456.6486693078177
1258.0883627953235
1467.472086033782
973.4059635558588
1415.842136867927
921.963521765957
817.1652994416941
761.6172508280106
1673.424631425003
754.7381354927029
2147.0196788780645
1047.1489126149158
1292.3482221486856
2217.770413005567
1442.7125772550621
746.8837764737518
2004.928240329837
2074.081776461543
1486.2261014660244
949.4074797558906
1401.4755931796199
1419.466419995405
640.4913394630694
351.14181015157556
1846.0056788182383
1781.3382096308906
697.7895347646881
820.923400933314
1523.2262422252652
237.29076619053194
1579.0925666550593
1310.5600374800897
809.4726235459966
346.8559182142635
1326.9286536870986
708.7193973407866
1265.7839029583438
1846.7364047820552
2054.97605848408
793.80049577311
1919.516754848929
848.0217272651685
1404.5788442932198
2277.258052025224
1990.5201186150553
523.5606376307715
1408.1367912745336
867.2683018196931
178.07803853075166
240.66919238552327
-485.4769027943894
-719.9382946266214
-2079.204912402751
-2049.289730094086
2.9002093978942867
58.17816678462623
-1762.877755775773
-1404.6705452923416
-1240.5423652417103
-345.05478664531984
-1604.2098767721618
152.3485220030725
-320.7966587715873
160.3637791295332
-1093.558437287822
-1809.59317271281
-296.7558568182485
-79.30235888823154
-333.2303579149575
-116.94386307237437
-1667.5973668726692
14.562208024217398
-1404.1727808184987
-221.01306622664742
-1315.6209371437035
-215.97888248397976
-1420.1662283305031
-1547.6573309350115
-873.2512615896467
-567.7221617254854
-252.05284703468897
-420.13577722625814
-1168.0797342146398
-871.0902540194111
-942.3059893125501
-872.2748883449349
5.5366350214881095
-37.825319857776776
-231.08545054366732
729.8695460335712
553.2615939672778
477.99710897420664
-59.97881530583618
-502.65115046079336
-435.83071490167094
457.5864158090935
82.14948188569178
794.1827588804335
263.82881918349267
-585.8719663161974
-553.103269981957
145.3691710864532
-1126.3540470349308
-680.8601405941954
-357.56835459730246
759.1159984646274
298.09727906118496
-305.8992321459318
108.02713517815391
75.17673264541008
-383.4491738479028
150.63010092309014
1046.066160261742
361.6777891940201
267.80812179934946
25.66920367577586
-87.52592592400288
-187.65278148380094
-413.4937130376602
-715.5420286769859
-630.6478182816118
13.614439413204309
-317.90455065375863
-253.36989901203924
-393.34137880532035
190.787566507679
-184.08777660590385
-14.636788493240601
-291.1836438751743
-763.1645547323296
-285.6251351462379
-305.4098713190124
-259.7931721708901
-642.1674455278735
-1171.371711125601
-905.8808116970122
-1409.0266131530516
963.7186372703527
1125.989699418491
423.8448122587979
802.8114660236461
808.9184347530318
271.31840819529316
281.57028300089223
714.83274540003
700.8214569791962
974.7325646401714
639.472555979457
600.8438007645746
155.82010096166778
-64.4528858308131
-570.16367122886
-278.28266848366184
253.5802057955043
-294.2145673100349
102.15545817659768
-83.78726822682074
-179.2149986821496
-390.7862559916721
-227.80395120196408
-465.6371552796081
-48.74093436537078
40.814907322657746
-600.5953936240985
363.3888918077846
-309.32558853665614
-431.8249445438305
-379.64292836534514
-624.3939854391483
-206.7151021198515
-1272.1580740072313
-434.35794250379877
-642.1754292517762
-632.3157203580013
-69.35989079807041
-189.97200155021892
-616.3069369367386
-49.32968944956883
182.83167185360253
-127.53770890510532
-184.38646112956667
-960.5022586819377
-1125.125290618047
-624.7548215953502
-197.40968990477086
-95.89014758567282
146.63835002749875
-213.96171454591604
-559.1064324743274
12.596629070914787
-734.0519732236644
-1117.0328159067976
-89.98644641028113
-64.12272154591483
336.5456185632338
305.2227766717442
-202.03557647213347
-255.28573993258215
-283.60963531557354
-347.66782879246966
-1124.750177531796
-1100.0560700189526
-514.6517009998206
-1061.2503073730531
-562.7620261135598
-976.5620091466171
-723.6589150370692
-290.82891926464436
-70.85212190752281
362.29886347396496
-8.936701136237389
-794.8489307369382
-391.2169320023295
137.63882423174618
417.93589335444267
192.14381685535045
22.213376129544486
-282.1244470011934
-770.279033358911
-617.0703700886006
-917.8045251144304
-37.292742131734485
78.08308738607957
201.76837441666794
259.89415808519516
476.9404133376738
111.32079508832066
-482.29441969350773
-959.3632942563254
-420.5407676618088
-763.1661958949808
-862.7913060073497
-660.5616734776577
-515.9084897170487
-631.6088562144068
-654.574695054489
-713.1342790853669
586.7734126660289
-92.88755902444245
-142.95323970090612
86.26296446691049
-266.4477181677339
-214.1518850241664
-69.38184224097131
130.16057042396278
-236.30396874369944
-227.04503375070271
168.42663086722132
-406.28677724191584
246.2181692761842
550.5234212609321
-319.76160581509794
-110.2252370942515
209.7010652710378
-468.5562960087773
-458.54506378541555
-611.7955612286805
-340.56174557651866
-351.5444276516282
-330.3471955698533
-680.1187185060662
-836.3820729744239
-631.7636419485116
-978.036646940991
-446.9181222970292
348.43292484797894
548.8170150070819
475.0502271987825
339.90429253556067
282.41405712109554
-320.15361412070706
-485.1723576910281
405.4842181779695
-223.14404974072386
-631.3601074424951
-644.7277097870901
-210.89530520642984
-821.5181936693989
-745.1661767211353
-648.5892901920979
-527.0995146016412
115.86029728539506
-675.2623163970275
-403.90242118572314
-601.6919427051471
-689.6541320531815
-475.45511827729206
-608.6140051639541
-67.24736877941723
-582.793472293175
-649.4469240246435
-595.1664853866259
-475.1039393286701
-613.8429049293536
-270.9352399471045
20.548983227667122
-871.0715916774152
-351.2727050651192
-606.1670605043346
-553.3617426064648
248.98802866918413
-438.2748474647069
-573.671736193417
-40.592716352537536
-881.6004218017606
-472.040668889309
-282.92310027427266
-43.02654674651785
-53.408596205707
-266.6920164079038
288.3771339521263
306.14842924639925
-327.7561020790945
-296.18668471354613
406.1351685191876
-862.9593656359284
-276.59209424080655
-550.3007741679212
-568.8265305057812
-116.1485611323169
-797.1707245361922
-485.88978662748013
-492.99495217568256
-390.2998217181248
2.2651972834319167
-619.0997330855207
-246.97862702105522
-457.340522280605
-241.63393769086724
30.680712445795507
-379.3015950035351
141.52929870458502
96.88563747604348
319.2775449867804
360.6642717750801
322.32580120115927
153.57565655076723
-205.25441112337285
-186.30663898805142
-161.39420233247256
-2.801134923223799
-276.1879180703854
116.86388819588319
-123.27576127525026
33.06418758078871
-172.3430177465998
-406.91736210436466
-219.82323657693632
87.65564355693277
-518.0536169591869
-154.37975571509924
-308.36409065231965
-389.53005317178577
-312.01863017543474
-330.7258260744384
247.44821625489567
-515.9664680615115
-343.94791161041576
-422.92368971283577
-311.3867431077215
-356.6188408759008
-268.6250377250908
258.8047600285645
251.8462344874988
-278.39442056700864
-545.5254353197142
-69.10368453344017
236.8297805515922
-446.3272011496174
-424.9502833913066
232.19584030095757
-565.7602824323094
-56.329338241308506
-205.25461562680175
-275.64611089961
-269.5268288776024
137.2934886839521
-564.1689423875578
-11.51448645192977
-508.2351453681531
-24.760034002496468
-10.527369688061299
-378.3357359476704
-28.324052232019312
-306.70027144486994
218.91680959103178
-226.1032420311385
-34.37921371167431
-376.87141622240597
-43.25865619324395
-366.93504315883183
-35.51173962280154
150.04000007958348
-295.736362585194
-317.87064706473575
-69.57884153244595
-309.04604533449856
-74.5578145993295
188.0386407193546
67.69951628650233
112.76422530372292
-47.04596357788796
422.29983561859626
-291.9295260071467
-269.7620178487414
20.55568016239522
-255.88990442051727
-43.726295583130195
-248.6665628951523
236.07561000552232
-294.4562292287901
-3.443365270684808
-56.657308676920366
-251.79656533495472
-56.39901221640321
174.58508698187143
-257.0979284202549
-26.44578991839444
209.5644345860619
149.8870920864465
-202.69934902308887
279.1925992298002
47.78783954791288
-234.8841276144194
273.3122205433938
35.1985736780789
116.55971293569019
-163.7174212714017
-73.61912246958309
51.97793673331398
-96.92736895098824
-189.86882015065203
-86.70541347138351
26.57582550254665
-55.17930800209433
116.946774047301
-325.03251496323537
-133.93686052604062
33.29426115514616
-250.24960818773798
-210.13816634136856
-175.68769307805087
-206.65211273676505
58.53717840663376
-126.29523500103278
-41.49928644227475
150.00967776216203
-102.2800911072718
65.82148132421207
-371.77864147208857
80.27737104849439
-357.28719697224005
85.17876718857951
204.99459384586044
-252.65096240894854
-229.31011284904343
86.85681430416844
-310.7880141840342
76.49331648814768
26.868101446825676
-162.65491475742056
-294.5322445220154
44.80977087093743
-278.0263509697943
36.799205038882064
13.097574674240605
-208.9874987082112
-88.20194402884044
56.19047467713244
178.34175615886306
-222.12609239547965
-2.2642262079425564
20.331306676489476
-241.85755101326322
-8.349484683187256
-226.23400454667535
-16.88970146907559
-214.0531665090166
-24.57860552355487
-38.26380858573975
-188.14671006943172
-1.2704972441770224
-182.97731432060027
-1.522505109951453
18.04643697080064
109.95423579755152
37.07798831312539
-140.37567902536102
-166.16714252693782
-169.62685786987458
-130.2104293667162
-11.985796080842192
-143.49821583979974
-8.834598988381913
-126.96615827071037
-20.724430495947672
-120.58496016085883
-89.69617892019778
-87.78016974711863
-34.13624877258917
-107.10313369224423
8.825044120188977
-64.34505394283406
-118.94646300199747
91.598891479136
-162.04572089668363
-78.71162957823799
19.751169185108665
-161.42326006796793
-106.15291844136664
97.66058562531725
-153.2165907405597
-87.45575324381025
10.283727794165316
-37.64006881639216
-45.83953382915206
-75.13906670719734
-52.240505284751634
-71.25970664102533
-29.728947457411778
-123.19699391723043
-30.82848757652573
-125.95756967434681
-106.08305279116212
-30.562013854723773
4.377322101283426
-63.04034430664251
-41.78708551987984
-1.8183652606348915
-69.51934860342953
-51.26135457069904
12.340012894725078
6.99299686120321
-107.65824299219094
-56.52780128727136
-27.99142103557824
-119.88572081839811
-81.47211099516971
-73.38250955035983
4.395266888122933
-66.01295887504966
-56.80989300383408
-23.062522503467335
-119.38758243808843
3.603417362091932
-100.71229614204094
-23.50526284280204
115.324829985213
-14.672848960728516
-88.63584320237351
-19.463044653579345
-125.57705295706182
13.88456343632788
-10.145714957605378
-115.23958115991263
-14.966030753259474
-113.85510556163536
-12.028863505225672
-100.31477137850197
-11.17260232886656
-22.82619868582333
-88.68008527755046
-75.9451095063705
106.6966405581079
-70.00803179944887
-8.206227749436948
-33.101100828114795
86.93830570888531
-77.32338384877767
-37.641544343969144
83.16984512469026
111.24320982883364
-76.57427036016452
-124.66677448966402
-92.1295105535919
-125.40896651209368
-89.77126450260039
-117.03483740864431
-80.23577273581941
-104.30516886488294
-73.43919431000904
-101.9082785925948
-71.70031040529284
-63.78149209675939
-27.39638038062367
-31.03941111148015
-24.75458648858148
-35.604948740709006
-9.579696210084876
-97.57967504499902
-60.30659132872643
-100.5801807664102
-63.272369430538674
-56.531435315650015
-35.4880869979861
-59.21060699042209
-32.70686278060202
-92.65648997231801
-56.88304818444158
-43.21863788722294
-32.10934305413684
29.54899946705882
-36.16540604816328
-40.556325757466766
-20.985659089270484
29.105649512583113
88.52156394326812
-72.75284580878542
-17.426917650298492
-52.806685383609874
44.68223132564526
-36.76933394320986
-49.88696821324629
17.278791120097594
-61.0456595930209
15.424028908388209
-19.977311248248952
-53.275679055732326
-32.50625525155738
18.704120435191726
-25.740257900553843
-0.15997950365272118
-49.075645396882464
-4.730094268250468
-3.056365675982306
19.114009455903215
-45.31307172757988
13.200086567749167
16.998442757139856
-57.15324185487589
-3.7676852918139048
-52.19367271986266
-2.963573758597704
-48.45336619555928
-8.071622892210144
-47.266740659923016
-12.29105158494167
-1.2168427337237517
-17.79182246160599
-3.276962853396981
-7.5722190711767325
-70.606524815601
20.756018387877702
-29.66274451332174
-10.624567663973721
-49.54323793079129
-10.354550412695971
-34.86685175291677
-40.22484972967868
-63.490604289308976
-107.18025956392194
-31.45001886650971
-94.76286759679897
-35.60201095620869
3.5949779877755645
-33.20104082891157
-98.64243630650526
-17.88024217484599
-15.614565667123316
4.380931195259109
-15.35215625777164
4.959625077464807
67.68814911892332
-15.590729530886165
-17.487571255314833
1.7098091447660408
-4.6168518614940695
-20.635251643077936
0.4854723435037158
-21.583618094686244
2.39854991016
-0.7940847709269292
-19.89653675874615
-18.672117282385443
-17.360955313250088
-20.4474888824534
-16.754399818220918
-26.770314157905887
-16.737502308302282
-25.706740781748522
-11.180223348828804
-27.14739376921898
-11.483896984560488
-27.16200931442836
-8.309560920739386
71.93536589042378
63.11923698620194
-110.85109284084137
-12.788279235937807
-21.291058058850467
-11.67417453662165
-35.68695379170822
-29.71174511413483
-45.516513676593604
-14.317584485233965
-43.144875197885995
-32.58209901708324
32.54046765761632
-53.96252256826847
-6.738868306614677
-7.863064588547786
-18.77240760708264
-8.228723716272725
-36.51646922188593
-10.837904849460756
-35.55826842991701
13.187740041013967
-70.19537405361007
10.082681815698379
-52.50472678782717
-11.192432368157824
-35.421735546966374
-6.934172034782023
-21.41836034946209
-43.16661073164505
-43.67527458283075
-31.590755499943043
-44.12192256592061
-26.705789115550942
-45.1269026971986
-29.26956304712985
-14.866153743692848
-54.3123380084744
18.946713448645824
7.926029901840593
39.5442012997828
-43.264314683245175
-14.476659050835224
-49.86895483243097
-17.787094256469572
-49.81655191128448
-9.643252254156323
70.08482386529431
-16.377108926084475
-20.460582042505848
20.894178983679012
-73.03707754957031
-96.256899031192
29.970066816757026
-23.55477236309889
37.112478545133854
-23.44999067907156
-7.395746945903738
-23.520453019422348
-15.855277205646416
-23.55782096670555
-14.7097762806643
-22.562176058976547
-23.70235622616383
-40.899763851131866
-19.403586525260835
-41.44375331583797
-26.221033357551278
-40.215525603081915
-24.055981298974075
-39.013840601966876
-9.424448070019935
13.747680131669767
31.93398495398833
-9.920024029015622
-15.427478068319033
-23.60125313096978
-16.995211285833648
-35.43640770532693
5.480099814136338
-54.78499600800387
-32.29942047094664
-37.71522965812437
-15.596852618175035
-35.509284356938224
-2.0882786207221216
-70.04678345191132
-17.012136959157942
-27.082577764091184
-30.430107767844675
-38.05587693514099
-22.742212017885322
-3.4091456437708985
8.0869684459758
-3.7810088063197327
4.129419533797773
-14.144473979522445
-31.440888300912775
-0.07648479550698539
12.662658123632355
-20.786518656452245
-1.6092641244504193
-21.161062682467673
-17.529191022324085
0.5434064979581308
-34.976107859363765
0.3133968393030955
-38.21294385519104
-4.628849437414829
-40.108777547353384
0.8513695061410544
-31.131431268380766
2.5148904154666525
-34.38547798952095
-0.6529314573890588
6.594493315415093
-5.719843253471481
52.97318331902716
-3.185253320418269
-32.24805651850329
-1.5196909681944817
-28.784580045226903
-3.7004833362698264
-30.505456313796458
-4.643499287221857
-23.666007575679032
-3.3618019329587696
-23.89630098152702
-5.4480308725142095
-20.721824425849263
-3.614246455117609
-17.629427774301803
-6.386884890074725
-20.024097457107928
-4.800109857438656
-17.427450026601946
0.9645095000487345
-30.80578759025775
-0.23665053751028609
-31.26831109594241
-3.4086952683010168
-30.48740790834745
-2.1473868042248796
-16.07343639550163
3.0865785919977498
-28.444179548521788
-6.414530602283776
-49.00321945793803
2.7568401357402763
-29.046719093659704
2.5921378813418414
-1.3145883014985884
23.437184839511247
51.34815541244461
-25.611174939102057
-20.351713907126395
-29.063067444367334
-16.124460818537045
-22.904566761413662
-12.542871020543316
-12.480003366545134
9.72599523399549
-45.79891484180189
-3.443248703119025
-2.572016383992377
-21.702301226911004
-3.0286000074393087
-23.27727134739507
-3.6560002291989804
-19.571514696985105
0.8375047222598369
-15.547415082464795
-0.6426528931842768
-19.725368645487833
0.6733655599127815
-15.350759571436356
0.6640469118992769
-14.23575994185012
-0.1327035000831529
-13.02952364970406
-1.7083687851827563
-18.447317574316912
-7.216922157655063
-52.9321141767432
52.76223838986516
-28.05565382223176
7.551201044630943
-38.19662674386018
9.353539991774596
-19.462316970017127
29.503994645856437
-19.592248885557638
-42.39176431173655
-10.553929142664856
-43.198890668903914
-5.486757881317317
-18.486318208457305
-23.53376501097773
-47.45032312805051
-7.183019701698868
-40.03010750359499
-4.7047397754540725
8.554818780196001
-15.478344070465027
-37.42945192646039
-2.35693437791997
-38.14453857738408
-3.942251724014568
-36.8977832343553
5.05232415411956
-43.73413826826072
5.577628388347875
-43.67524332894209
2.6971187902090605
-42.80248911400304
1.9827073508149624
-44.35416148877448
0.6739260786980594
-38.28941767125252
2.247755185007918
-43.14162091689104
0.33251380802175845
-40.3193767893481
1.5672654119080107
-40.52270582504934
-6.716869454434345
-37.44755486167196
-8.250783725754445
-36.177020784076376
2.8151881227495323
-38.178721499472886
5.222433530529088
-70.54401872753806
9.407642167769154
-68.43143842729842
7.62902270378072
-36.42478247861072
-1.8020420001430466
-36.2557344667257
-6.410285699847009
-0.32615807858928747
5.615245313167179
5.640359948025434
-10.74210397593015
-1.8504708494310762
-9.778653011295319
-35.62575896486851
6.5082885436713696
-28.409133463252147
4.230323346224395
-32.83747686809147
-6.1918911578759435
-76.27243103831461
33.651482079500056
42.69920355901013
-19.302336797503813
-23.140411499474794
-94.31384674320543
3.8362602049401175
1.0220415766543738
-20.460577993870174
-16.52938269569495
-3.6147495491950394
17.238760101932712
4.406918838798447
5.089908829708293
-26.125691587987603
10.729756963732143
1.235667588585784
8.977260733603543
3.1445285831632646
42.59473398108639
7.3840408208034205
5.225000908931179
-0.5838884936001705
7.744962697090159
-1.1069689728792582
9.106172307243469
2.4825076514516695
5.218834177107055
2.44098030564237
-37.86824855160194
20.989499922323375
8.80180229466896
2.3381948123023903
6.798952109624224
6.115291455946135
6.616567151262643
9.425096320965167
7.611183773593439
10.267460947394284
5.841411231327584
11.520631834759115
-2.6434948628157144
6.171643618046801
8.523784514067302
11.253665807098514
5.2237925854878995
8.554045123968535
0.8597725485997216
4.842101513822854
2.8841972142708983
3.552676995845104
3.1872310928265506
1.7061379962797218
2.664280129904
1.1562413501669653
5.564923197385724
3.6178630648355465
7.607285106148993
2.26386477286178
9.917349117389676
7.05091169802472
9.032447008548843
5.535523144837498
9.403448465500333
0.41121507567731896
6.305831536637925
6.866099020598995
6.239337042195984
-20.336334897720008
-6.729744550644682
1.2073902013107727
3.9289378467619827
-3.7592906138197577
-13.174429348724516
-9.944668916004957
-8.750212378901779
-12.320345007965443
-12.859906367631993
-13.338453599544664
-20.008856202493916
-38.93018087279961
21.086303856469385
-37.11058284023602
-13.858937602653896
-29.474694173781245
-11.139144403960017
-23.801738330126682
-12.321498632818475
-22.625238762897425
-11.73689288024434
-19.321965741428357
-20.065921264462304
-27.475140350637957
-16.56094106837736
-23.563527430589602
-18.25623286262271
-27.265865647710598
-17.08656153607444
-21.46532787198521
-12.117966409017754
34.8223886009273
53.11893398581378
-25.642189401471114
3.474519873412646
-36.05189008222442
-20.787656853486624
-0.3932037685517571
-9.50892622190986
-33.11957219028591
-18.63489121861494
-16.804844503451022
18.53398569268211
-30.035229425220678
1.8656970080846804
-5.355177189439928
-7.889906512835296
4.969417505692036
-19.769081548189206
5.959880687394616
-18.63244393734567
-1.2732194337386318
-19.19477356052994
4.98621876857942
-20.50166435747269
5.815241726262684
5.984358544485076
34.14753126935466
-6.147935254670301
-7.180796189362809
-0.34441481943940744
-16.062513037270037
-7.308451103026528
-5.498124378567809
1.8737000786459248
-57.78220912777397
-16.844683462681132
21.802930624420696
-14.7453965992936
-0.9052872454103635
4.761194728032933
-5.171991593570056
-5.674558681344934
-5.785414556896285
-5.615797021524486
-9.46276756588668
-2.162086075406478
-7.263185984609663
-13.36357826071253
-11.023866115489
-14.861281517041789
-7.726236428816264
-13.341160908525126
-1.8529775783372315
-16.888995124580106
-12.550878540612757
-16.075626413881764
-8.698293756549901
-17.490965154463993
-10.182039218461796
-15.688990581846156
-6.934500583774934
-16.379759350125823
-8.19539614959831
-13.89355909097867
-7.573444255111099
-10.630955830803941
-0.661104194510699
-12.622730913895793
-7.00622137663413
3.8753296658051113
-11.703368434024014
-16.155083640795056
-5.977977388447471
-14.86096898220967
-7.968186339207023
5.547768831322173
-7.924125530509627
11.972090398941873
-6.259872559177893
9.288024339195545
-6.996527025306932
5.233424798048873
-5.516290570007186
-20.976899632163622
-8.51933473662939
3.920204763939182
-6.883700167951247
-17.37026352441717
-18.065397599080825
3.4185052405609895
-5.723310814981232
6.543429630215542
-5.185144866039991
-9.434317545137674
5.754854251734287
-10.165891684422604
-0.5001832836933318
-13.253522642487951
-1.9667796600842848
-13.21033617750436
24.127500321621483
7.628173438326485
8.578430300791297
-11.769097416703517
-39.621080110473486
46.82130922005308
-30.557539832559996
-23.957702175970553
0.7444992378677853
-14.20074187564569
-27.452558535487697
7.061478469940994
-4.993001461309177
-21.420344933556407
-8.19939636442541
-14.135473961116077
-4.591631047313058
-13.455767740533702
0.5850180155212001
-13.016745824692407
-14.29670761269881
-11.162958155540764
-2.8832592021190067
-10.225890215649997
-1.354524974765809
-9.390343641536674
-1.027058054060035
-10.543576378011494
-1.6765756596487336
-10.283418950170017
-1.9057820765719953
-7.448588550914792
-3.706422487975942
-9.251842089122874
-3.539089161766242
-18.77177753302567
-8.28579830045419
-17.69165242636882
-6.309666449813449
-17.311170678802227
0.9058082239644136
-14.290936850877188
-0.43262107428927266
-11.575049475586638
5.843118580885857
-12.1848042141919
1.7327864744602266
-14.032167321982342
1.996079935148373
-14.776706873295552
-2.1553318264595873
-2.338234448010553
-9.53291826936038
-5.259721832060677
9.223481415938295
-14.517668213065917
0.24387424115411704
-15.633296124671688
-0.14932619099818112
-11.0209191509839
0.7443036149124964
-12.428358194958491
4.632201927341157
-8.167693104727732
3.124755833428935
-10.577873874299257
6.66581193262391
-9.278685932144072
-0.44106969563472376
-10.911774238937141
-4.190684188475643
-11.564086230546309
0.49443745218013646
-10.47607057888672
4.962803773058113
-9.46904184525738
6.00533548684507
-8.397848477319712
11.414955590149475
-7.529770735041893
-18.807036643231186
-9.048695113773647
3.266755573817136
0.5594844566712709
-1.6060991224003374
5.581861799828403
1.849062758623404
7.687063490731816
1.225323142229172
5.946998332752628
3.7106129781896016
4.707944231495276
1.319980009480787
5.381282062944592
0.8326013083024009
7.4400980157133745
2.47349555882829
7.940123163947646
4.1677071636295295
84.0096630162825
22.998122955365034
54.59875322056905
-37.73315978051323
-26.370197179081515
-15.696347744575178
-22.508258474719696
-36.154842594425645
-39.5611400185353
-21.546526051120964
14.488207103488094
4.160428127137493
10.84694919044523
4.575050843062854
3.002853587469872
1.5006899961354065
-1.1893280554959347
0.9629009385771496
-0.948271148299682
-0.4065205398164835
-0.629847917582083
-1.6119223993046035
4.186096617750081
-1.9251589257219166
3.0260157965822145
-0.9488531880106166
0.997094487052891
-0.7392860575255327
3.578341811982682
-0.22066384899699187
7.571580020588954
1.061329187010415
2.9833343451173278
2.841999601938369
4.497960450215032
-0.06722923048255325
2.6662299230647477
1.6489390186288801
0.2025307001604233
0.797557339670675
2.962238467287534
1.2817770116125757
9.708364810705461
-10.909613634812558
4.3113886077753705
0.14003787501678744
0.07367483614507364
-0.31529082438464684
-2.9104465896143665
0.23835709158265672
1.6379272694975953
-0.01589577618688054
-0.5498121435921348
-2.922936964654582
-1.397258063310801
-0.6562828077148879
6.232497329587204
4.643623256681167
6.177190968466675
-3.6754603256904375
11.166428303236899
-3.6313121722578217
14.910534340739105
-3.7451129451419547
12.1601714838107
-4.304398999176556
11.481882228899849
-6.096312857844168
11.86216669768146
-3.5792064571069204
10.116131616552593
-1.4486390272195422
8.062352706083402
-1.5801700332031032
-1.884096716870772
-0.9825024722813396
3.34642163589524
-3.252330877689019
5.753819653473329
9.550622233955437
-4.872668554167831
-3.05623785784519
-30.000288478950097
0.7559268087497912
1.3418836088603712
-2.502781197286822
1.4057011176573724
-3.789190192683236
0.1503355493514391
-3.8522667199031275
-1.9882897428233264
-4.014164733081998
0.20241900367182097
-3.0195873551656405
0.8431988008960616
-2.142959259035706
-2.0625682357476762
-4.094206790992757
-3.272505956101668
-2.6844989074797923
0.890309311054807
17.460497043535725
53.667842996328545
-32.77071995327424
-13.103913008462769
-16.14528057293137
-13.937853552270099
-25.842142385596162
5.562255981887574
-12.713504999675934
6.987814398698902
-26.8290006012885
6.296789380905466
-24.98156817231211
15.630772252972747
-1.9914760328229022
6.814307868327887
-3.3789353262545774
2.9089296181409736
-3.7356902031660866
5.739157319305377
-0.7170220301377412
8.319602464594936
0.40527443852988654
4.892437064410842
0.9326987506119622
-6.1370417438538425
0.05248969586318708
-2.6832869444206153
1.7815905484676477
-2.9733633577416185
2.3758763863352215
-0.22189851136317884
2.395860297167019
-4.92474669231342
3.956201794957451
0.8375661807222059
0.30981919080295484
6.412431441871377
1.8715685398692585
1.6954884413171385
-26.52998199272224
14.0753434279668
-1.824016405729708
4.018432864846545
-2.0294969639526244
3.4371934153132315
-3.006910031055668
-0.6758682078343554
-2.834651747783937
-2.791090591275861
-3.1988015797978733
-0.5907992455831845
-1.3025379949813214
0.5866906013925473
-1.3033215476734767
3.0900846874992567
0.7838838214993302
11.619521643435291
1.1515087227780896
7.100131727554981
0.9807785704088019
3.067139495644369
-0.18657224671551376
4.3421875733492925
1.127460076020725
1.7097497490794922
-2.7924804433896497
2.079592446671086
-1.7710916955311404
9.763495271394277
-1.9957018372952007
4.863031188975583
-2.3586730048082245
1.1093892182125273
-1.8236449942160107
6.884384196455358
-2.119327054997484
4.568239683570937
-1.6964521308218536
2.0080290364148823
-0.9695472620205692
-0.43889316500280984
-28.889492397112917
9.527983354517346
-35.72334145523746
9.286643753897806
-32.32985785814708
9.122178092966351
-28.568367116540685
2.3727135070657823
-33.1061221165146
10.263549104090998
-29.487974010835387
9.774670415985383
-27.31020811887356
10.14753160012151
-27.20390707594015
10.700675037178371
58.62142547286203
-10.89433778334751
17.144115762030196
55.338800545396225
-29.428540484190307
-16.753202588786735
0.29031673255485657
-6.430966563017137
-23.271824815123182
-10.049712190420905
-31.871796596018612
9.127745060854068
-16.605814739006746
10.01309454251168
-19.9247002633565
10.258037885503654
-23.560771161404773
8.588183804962682
-24.770799026842724
7.754320985121012
-30.998007169335324
10.07411194238739
-26.977775852126797
10.445066644695544
-28.500884788036274
8.993384491936013
2.605540604055932
-28.15598761223373
-4.378223214636819
-1.9062056065322395
-2.5195486437041836
-30.605831609273082
-2.6496787114556355
-26.79594806870591
-3.0855399908541585
-13.14825304763508
-6.906524625233942
-10.765376641460534
-15.866057824538075
-21.670675681922148
-16.95957991204523
-23.041810774158876
-17.296030779225475
-22.343178185783472
-0.3362695708674437
-32.451888225446964
-0.10243210616681608
-27.725732015689573
1.4085804355199798
-26.300780808980562
2.4717093094404845
-24.91587667774911
4.2288077974408225
-21.228056985295552
1.875556126507945
-21.351226530105123
2.0480939471472084
-21.52189639349126
2.761825828358269
-24.739709317442248
1.3823445344696665
-27.57760482078993
2.0026993439532816
-22.837519399448865
6.525402882984054
-14.831508875831787
-6.8231135962450935
-17.552009762683156
4.555984403405091
-15.861149807789843
3.038548050024474
-16.62106302957727
1.4328063995508273
-16.603270498189886
4.19164795900906
-15.335192595057379
1.6086425627581775
-21.408394531516024
0.5625556346240046
-21.477182171793174
1.011097928727395
-23.71366951150958
-1.957506829099657
-26.293245691465927
-3.572872968377851
-16.571054492729672
10.01908426681075
18.54934014940227
-2.7827207404006913
11.174559491775653
-2.316001709938064
11.919941860167455
-0.6766040620696003
9.28924821169312
-1.647307291665129
7.241812707536155
-4.793921519369178
8.772269188359132
-2.282351828793253
10.920786574717567
-2.0593789751983422
9.317618774373841
18.107083215390958
52.68340461111802
-22.327120670552176
-18.757188767349362
-6.59015600112798
-79.84007437953187
-15.679661514088366
-8.331793601535537
-2.690481220073707
8.31532083179627
-7.9215903459316905
7.545385153984171
-19.421516120386514
8.818651105159006
-21.715534005861628
9.091550684388494
-23.333403900895064
7.8222161598332605
-19.8104626418135
9.279925242850368
-19.5421939903772
5.331656677471983
-19.152143529263412
2.490008988399495
-18.55136403801407
-2.0790443561090797
-16.454857107350108
4.938101331221333
-18.549785925593824
5.566306315000475
-16.617950233039664
2.6453619439544127
-13.511484905568068
4.433669251753599
-20.998591165061953
3.4028088261566154
-23.081452252863528
-4.39350146752804
-19.355553688243162
-3.1101690895011416
-21.197105546705643
-4.7595648508067825
-14.659311753859583
-8.4491797229457
8.363509002794672
-0.083885298743553
-23.156689604958956
-7.999184534011874
-21.697849544574638
-6.060345897414663
-24.262077662482625
-11.935236503282795
-34.36152186924846
-12.48003567093474
9.756097814148234
6.515710182744442
11.019440758260316
5.786257695282984
11.436017179426926
7.731279808049294
10.933049201885296
3.5013882236398786
12.836733103920778
4.499572310549411
10.034993782090169
6.168459084443384
10.945531984258196
10.274010405742956
5.795496812677811
6.000373282515284
6.053694103526141
5.458400916448227
6.239991761733108
14.422142316816462
6.384428939645659
15.035233999604316
6.930355444865199
11.111585050066424
6.851799985854086
11.238522650068262
6.859088436363891
-23.29019276147301
10.583680829011428
12.22520057323527
10.066300420081461
8.628961010208513
6.340599011082304
12.49881338889827
8.405294463238533
12.84065521696175
6.847165071652853
11.044066489317629
8.547988746975534
11.549217997620872
8.982783050209036
6.355810058415955
6.630576411040238
9.468201846648299
2.839946056865301
7.418551255403145
27.156173770436
51.51113973430256
-33.756081415933295
43.108391679865235
-30.22833250022086
-16.903171208363347
-6.266521774690773
-0.8991317291674932
9.379152629875534
-19.40762665112561
-18.882969559403136
4.342092781815154
-2.759032774809384
-3.753758528011531
-4.606356764521479
-5.607006318728963
-5.317097710718372
-21.614964915572273
-38.62282707546001
-24.297487783189354
-34.7015430388019
-21.60116269658829
-30.877477960249962
-25.737538898441926
-31.59407851803371
-24.202392570810844
-34.19628627783641
-23.172177768707115
-31.64593349108509
-22.63222622005378
-33.900589376433345
-23.376120116909078
3.3701034523292037
-15.771582723727988
5.3352384623394755
-12.206596583831924
-7.792670541581174
-17.059749156607722
-9.597531230707318
-13.129384849449707
-2.811257209852556
-21.386209611002414
-12.941246291942662
-22.613944523529426
-11.379919613251332
-21.372248140565716
-8.658547546581758
-21.634812199001317
-4.102641647305063
-22.173786295359605
-9.118701055194833
-20.139578773141693
-9.928778194151164
-18.33304566644256
-8.214196595310568
-20.02879676550947
-17.7264084378985
-17.785735365076107
-9.462177983348738
-20.663731091523005
-7.665020173164521
-17.707136517305116
-8.600302499487952
-16.28843773423978
15.712325824850268
-16.690609506415058
11.317661405362742
-17.27891340395763
-26.392354827685267
-11.027426315109551
0.31867316088937514
-5.998501718686384
-24.302122111646895
-11.384776846969544
-22.703583824699308
-18.303689445303462
-23.59345723921797
-16.438010665560796
-28.20674216299085
-18.634347224711746
-25.08028801058208
-15.20046524510326
-24.893397870097033
-15.831396208806837
-28.690795976202935
-18.2129228020749
-25.690965235942713
-16.809875770468352
-25.193085731321844
-18.433320886400907
-23.141746328888985
-17.992266548160842
-26.27520764026849
-10.830158966018644
-25.287462940565092
-10.824504584832539
-25.291406262647797
-10.861243316072432
-29.730417619626678
-16.094669247111597
28.538127202798933
47.333647050934815
-35.41222999386446
-20.941988958213187
-10.674839403638543
1.3281883646359347
22.65174246027709
-12.741748171221843
5.6869075791164505
3.4640149472343182
-3.1671600391200627
-12.165914090708611
1.989279844241537
-7.336092810541231
0.8121676810933423
-9.018788540222886
-0.2864995624349831
-7.6184689552956115
15.559825279147844
-15.541010995730176
3.6594662662027986
-6.535592248083049
-2.6269263216727268
-8.892126453934907
2.651647234952179
-6.6656750236161315
-3.2123150794777757
-7.245867971825646
-0.6400927913182386
-4.708019102235994
-0.17137766408268362
-5.680719450145261
2.377051679242868
-5.223092552705566
-1.7939481583271117
-6.290833843671862
-2.2444366779618576
-4.124231621723084
3.0741124735559424
-5.793018641328672
4.2718646886442
-12.278403641506884
5.40682945619119
-6.367752449154068
11.389818776493485
-6.9792580743214785
3.6094439726457495
-6.970240153195846
-13.661584337240129
-13.67870973180834
3.4693505227187416
-8.084053340940955
8.836127488370039
-8.512000896287645
0.10211573017477349
-8.19150886306852
2.0460690091185825
-8.005159762702533
-1.3158495412899356
-3.7869570505154115
1.8571996067730652
-5.182435388542217
-2.7406856498073466
-5.331192633189858
-0.7897470491661807
-1.3423033401140856
5.628704705013661
-5.143613974527398
-6.874262098575855
-2.6166316895833006
0.19804803261649795
-3.7551072474907414
1.9263845648056304
-4.9827719281674945
-0.6797999345690187
-2.5586014768887253
2.476821896440015
-2.0603670689724822
3.076646483896184
2.2303227688844345
2.305761729627193
-2.1277091031624877
5.169451900961576
-2.252323853361304
-0.37555686625273665
-4.6276529575116
-0.9438430735317525
-3.3188581493850506
3.0833026938962576
-2.146700609137042
4.096337958608274
-2.3413394219223846
-0.8176982742697874
-3.459043577540797
3.580385713792566
-1.262847341971792
1.276854049650865
-3.4195543909463595
-2.792981095120922
-6.003837974016278
22.527644118585158
46.340501860577206
-30.905261271092968
-22.84502937275829
-9.02949400045145
-11.309454828484377
-6.71339897515827
-4.991237834790809
8.63664033461282
-17.173060139621157
-30.736884722839022
8.943644041255538
-3.443461760693026
-14.479062832850104
-25.281407740365466
-12.90492810140313
-18.870703271331877
-9.346046721573657
-22.347840680035006
-9.205655890675189
-23.645726786064188
-8.791773413096962
-24.003113178214335
-9.880109778598126
-26.405171979558872
-11.188951240750612
-27.006993511820838
-8.907151978628463
1.8697761075527524
-4.394807766357189
2.109147744036818
-0.5667890986351267
1.275632515329562
-4.244589640205959
-3.2941150089682196
-3.890819797590666
-0.10534314913638809
-2.879402550155646
3.0517771110098693
-2.3871853173659474
-3.603222254780121
-2.9086081192108395
-1.4622542740489735
-5.492799697974988
-5.174788754668043
-5.223534131419001
1.5076941400839132
-6.496979860647116
4.357075476504178
-5.962125549260236
-1.9606621421989985
-6.01132939274612
0.5190841475268826
-2.6293832281753566
5.11369354652561
8.27566035131531
1.135669555833374
13.901343509734943
2.427627603039582
10.555343399799312
0.7118565969212796
7.357469573938943
-0.36264381243745447
8.203997151198564
0.654425640927002
8.079229673649024
0.0681268455227837
10.059970774125759
3.6034701378794125
6.541404770639929
1.9127003982666793
10.286939632303984
0.616172110023399
6.853758708704845
-0.8858468604812515
10.744771174609923
1.4021645668726705
8.940329491315424
-0.3481995899328467
5.829739588938537
0.20738552860348136
3.7036261588054913
1.852262332688042
3.032643819207806
1.1411481187169557
6.928092557489435
3.185311521174299
8.78140720198644
3.975887590302591
3.2629170108612016
3.389874636892273
0.5353737397617806
1.0279363041572651
0.44313298671113444
-1.8620772195226891
2.2556473385429854
0.3491065851012536
3.1976187598229444
1.8134387081008754
1.7166389982157853
22.297420851284187
39.80264767654262
-40.72435646199665
-19.799644760849333
6.32695886417423
-9.621216260022265
11.699667071214208
-16.134655489120632
-3.8396890600215556
4.807357111316378
-2.9924333189974277
9.940939412546868
3.398501304713136
8.247792015581581
2.392191639826706
8.369674374891474
1.481679135669765
10.80382709879268
2.140695316460551
4.336235284512441
1.79653114197572
1.8356441605719738
-0.9323124189704686
2.274953647503935
-1.7551451145773171
2.3687088133701764
3.103507882444319
4.757358099712292
2.0084690448893525
0.03604327185348666
-1.191640588147493
-1.8535496122567565
-0.1493390320101753
6.345185148078599
2.4355453550469974
1.6026653865046683
1.876775745098712
-0.4782675534224836
3.3465821193512966
6.956878889855943
3.0777350900934834
3.308069166570931
4.589373384300416
6.497034443014854
1.9715070417714742
2.0527601632402366
3.2474428914556484
9.180645695640123
0.8964852162953321
4.794054888147002
2.1532519695228984
-1.8402996649201668
2.9592512452054507
-16.572643480165425
2.336717405849413
4.307017052848096
2.484175669738761
3.079773953784752
0.9231332629569806
3.170630681215698
0.24396780474671687
1.1111287089188409
1.2443747367851756
6.29500607047521
3.797455876097956
10.584616849384474
1.9644021781004994
-15.08549588506321
4.482933208102622
-17.74463556955925
5.36264903191659
-15.685185977876245
4.8685518855490955
8.184225811381111
2.561540106911707
-0.01466560242624837
2.135424834479636
7.020043113145221
2.6928793822698935
3.9352234463785862
3.8980520580298617
7.468765924128093
1.2602528640218225
9.159751530627545
1.8979556666799908
10.238348588547524
-0.13837436014910054
9.19087779743495
-0.31981098510004813
2.9004048083079397
-0.25519453305787465
7.65524332572204
1.1572241743051563
5.276111233097254
1.0410661618898303
4.777146471440574
2.342442739487524
6.77801485969394
2.7247831817130646
8.794341764285491
18.633900276372515
32.45586952314079
-40.50740546379893
-9.543853560762727
2.7921630078217277
1.0457294412699412
13.94562523769855
-15.482172930171146
-6.547063573119885
1.695162034840905
-7.128325338264403
2.5770355184904474
1.0191237439321412
1.1040967281496705
0.17633286863383546
3.006977121838645
1.5429433142235212
11.783457616627857
1.7556660813643248
6.734918299684068
0.7119779019176349
4.857504517038251
2.9566990790190175
9.09117218461688
2.0032182648574235
7.571608270136494
2.0639085326001805
5.17986315354392
2.2664020786669425
2.9851617402327975
-1.1337946908133745
3.827467911896747
-0.36640519212051004
1.5278323479979008
-1.3662888563212618
2.2439373251745565
-0.36328256563319883
2.767353186121909
-0.5257866694773838
3.989913264867937
0.4223813253775006
4.728212904374232
0.7778976077897823
7.062785398775304
1.0421724828538572
0.05043658960130415
-1.234274223794273
1.3859250851473917
2.030053667787797
2.7233269264797855
-29.54596598277749
21.187073746872557
0.3066750617726939
1.2746188854434877
0.6024822674044117
7.1119296304750605
1.126041829598762
7.342421633764388
-0.5148638616519747
10.568273953815151
-0.16578119015503034
1.4611154094600352
-0.919951945750654
9.157694471063223
-0.14660345135962416
0.9758974123233202
0.8817441839109961
3.5389615110234445
1.4248942806534615
1.173625507086399
1.4660367070373468
2.705088031994819
0.9420577061518998
2.8422259876206226
0.5169645579571807
-0.5303290373576601
0.7696452779200627
2.715849675336358
2.375500165320773
9.09803325709072
3.086620114991092
6.812151007217835
1.6090873527100484
6.714419639651169
-0.38808028654057125
11.724279133306482
-2.921570488853831
5.873442388679905
-0.973826015017039
3.6529422881685605
-0.5012483322152548
3.376753453265337
0.16996698540606303
4.9788110668851004
0.9467256850875856
4.274608465593701
0.16985355778160738
3.539406753739968
0.11934447536077641
2.626322017975326
14.304246414139925
37.62224218719348
-30.846623439460018
-3.9661993771333073
-4.374476244536709
0.06544956196194107
11.386711398363332
-14.23613364150151
-25.82000819265886
10.166793917171162
-25.683791243596716
10.740599654676771
-23.225542157777454
9.969163524528994
-23.89514362971022
9.368668511273427
-21.605547033761468
9.928421013551997
-18.469626018157214
11.61434804397868
-21.926672072204383
9.313891613699525
-28.922749264120284
9.906745654150654
-29.639087815574385
9.40628285967432
-23.99923631460115
9.614362142943719
-24.034777671049596
9.374380156368716
-18.71362239204791
7.483420376140202
-20.66774849167814
6.279626838684635
-27.100918350366555
5.528879277462693
-24.82023999492594
4.514694420426167
-23.207897084455908
7.218247755767152
-18.62727136817557
5.307424743858064
-21.0579268365218
5.0901000234825915
-26.527127304516398
3.962586914816711
-20.618708070551293
7.10487515566092
-24.769842224846798
9.84708849087474
-21.679499702107933
9.602768571037814
-24.27916400335016
7.892255385304452
-21.591709772632385
8.603382939527364
-23.39076435863535
9.254134772589168
-19.89841061377774
7.869018860939832
4.874984842690537
7.101842083689917
-2.561155542378401
3.146739116506069
-2.1021844759761734
3.5813815991714364
-3.9446974440288614
2.2823874753466953
-2.320129721509147
2.448759027534834
-2.7340010722055013
7.078150196643037
-2.038727444156393
2.6107435278809135
-1.759827401723669
1.242566952110792
-1.930550720408064
2.481848636167342
-1.4254131390225666
5.075626541118254
-0.3559900140935497
4.37484137690808
-0.08442060539164231
4.732439951656488
-0.5237061029765755
4.366867691269363
-0.7797360920467327
5.9389625964595325
0.5074900184536091
5.646773605889393
1.253185882969774
4.4857526960659015
2.0348594032493565
6.347091435376569
0.6847343758563511
7.420995975462574
-0.3107921907067066
8.40388245215945
0.2087516722131113
8.201310851454764
12.68186968495138
37.34964557056992
-26.08462683746984
-10.425643851403947
-4.470083258522209
6.43511601570026
12.764085654918745
-17.708753402501316
-6.782547480372159
2.113294178599972
-3.274925916797656
3.9497771256410488
-3.1723653789995296
6.828263486933793
-0.8670333750305872
8.874657860145817
0.5116062282468192
13.24787238200588
1.1055382104477758
9.086400109194074
-1.055542780783071
4.661885912413709
-0.18302297161426395
5.058896356640616
-32.96972561387702
3.7944950847904693
-0.09775487655133475
7.405053909513299
0.1066819447241869
9.660635572583487
-0.41564731207108707
5.766315774841132
0.1419529246759339
6.47738227449554
1.3288596924539888
6.413375292024284
3.1779633318474225
9.11360023315865
-0.05123495541374723
4.904804811749273
0.2568647591415356
3.506789389060941
-0.6165356335914112
9.434667455494491
1.5806211442741187
5.692502474386856
0.3010574016097962
10.666022512325071
2.848923831803404
8.606546637473002
1.3931462168638973
10.081752903517554
2.477397243894302
6.458085828293406
-0.05271829984121723
7.654218917021353
2.7076266080348432
8.98104613366013
0.6738638629594789
5.014344457797051
0.35731715214387805
15.075307297622203
1.5085405861136678
12.10446113438229
-0.25412785755179357
15.701477021439132
-0.829832249581159
14.031683147759395
0.9527228555671172
13.036070660036785
-0.34606087725114776
7.087819943752038
-1.5977198012842564
8.832601458469071
0.06050868829515821
16.310630906822553
-1.9821425342088332
11.05438205716382
-1.6221906503142236
19.384434734920433
-0.6055972847443627
15.880608120929537
-2.5860357305718935
16.668859708350283
-1.299490087591039
12.860322328284383
-3.866525230816478
9.42307302667723
-4.686239473707246
12.869084240517623
-2.8679566282080486
18.75686592258171
-2.2696812112226326
18.081283917694236
-4.9614659891230986
12.174667741570374
-5.845483455042995
7.645011255977806
-2.6847968154761475
15.100228444085587
15.415158238532968
33.9918542412197
-23.56138008434027
-7.8523065350455
-6.004559608425552
5.073493837622664
17.013448303361656
-18.368561962111926
-14.842177571190405
-32.8972566463799
-17.419731262769346
-28.716014308827653
3.1439166207546805
13.117939104808102
-0.6334655789742101
7.802011567277077
-1.8716954121846356
8.430804816174714
-1.3274858645618224
12.824598737439374
-1.7030604844894697
5.869518651539693
-0.11031372457000543
6.163917673364267
-1.3324900252046064
9.681466690666639
-1.9368484480655752
2.805867227498311
-2.650261399392548
3.698503984571289
0.20571848471809062
6.4126497835386544
-0.3649374299275223
7.681210819171611
-1.6091160055766522
6.463047936395014
1.4560229340313526
7.447886938551164
2.3651659791103157
7.954360537863977
2.179309101022227
8.240279312680286
1.3015750862796267
6.924608252113103
0.948388699651332
6.1260660234693205
-2.5384029553570144
6.688492393557681
0.2620393357829016
9.538623794735031
3.8083183715698397
8.980797154710672
1.4381486852216767
8.41507736899257
1.7730664800692466
8.321904564440047
-0.016538857355044456
6.548558888147454
-0.7003887685859809
7.415659521018824
0.2596634167148295
8.249104181817529
-1.2550132830801886
6.462217749076444
1.0254269742690667
4.388350098464798
-1.1110089749017789
7.799279391945674
-0.903218701849255
9.004191111065666
1.2719368257512542
7.063183684902469
1.280595261570852
7.0573394879065745
-0.2252482217409124
5.888449734155074
-1.6736137419939041
6.122289133470986
-2.1779829208826413
6.510746014620963
-0.48387782674217306
12.209261115629488
2.062838766771165
8.529845080236555
-0.7249564272533462
11.487958134077417
0.00623694569185318
13.267521037289043
-0.9014708207960211
13.274653542883243
1.1865681358067377
8.710351750120026
-1.376851888233432
12.60043806928843
-2.1186676959332544
12.357549169559206
-0.6878995915649284
6.851799737847614
-2.4556822206504876
7.329486500510029
15.866159176362999
38.89629712878377
-29.897564904562387
-13.329303420019642
-8.058574913533448
5.687086084149996
18.38383256256202
-15.214526874140574
-12.93908930249745
2.5111293220415973
-1.7393294618595974
9.36126419642278
-0.932425565630183
7.563277420864324
-1.382939181634356
8.278003118868583
0.3582806608683313
6.44000254121238
-1.7587831603304949
7.531088033350898
-0.13152187209198019
4.370208390122571
-5.647883731357069
2.9158274616183917
-3.0727500807643082
3.9830222159398545
-3.537329498658437
2.067550686935647
-1.9634233235883585
4.499164321050557
0.37753986598181655
7.377735650132308
0.9662861786910071
64.04380211922216
-18.0042955752524
4.2263851696079655
-1.6426489732402842
7.572443045695763
-3.6591299125266232
3.0723039071745006
-3.0552721053572895
6.0826221134011575
-3.6228012785668398
7.305183177166327
-0.8101142635259748
11.246603746027176
-0.025479442287178244
14.176944678891232
-1.0783957895291678
5.42977418006376
-1.9540506211942557
9.821818602153144
0.03167409428169776
9.063268035724832
2.72299422508695
8.851372060173162
-0.5133924678575568
6.285380663677643
0.26199452583932725
5.505777889951787
0.049740417964130756
6.785318961827215
-2.355682799478018
5.880776599256933
0.9039667260349233
6.566943334757525
-0.7538689820194122
1.5415127296455466
-1.2362328432154754
1.9730811787194398
-2.2548659130134183
2.5550693123932433
-1.1812349197753065
3.2154238068942504
-1.1673061005531054
0.5328777929807984
0.17906114393554162
1.7918129387835506
-1.1528591382339073
2.9577311946977716
-1.0008423038489127
6.700226076229228
-0.8792245350923622
5.197735936138997
0.7123484473449935
8.017381619651132
0.611565053146478
7.224421108394381
0.8909257701052411
4.472783124727357
2.106652224150821
6.848805303605332
3.744647577917931
9.334022016506424
2.047797442530282
9.28630354490997
-1.6057525191954483
7.488843217792237
-1.8638820849810145
7.674783649308665
16.228150176626514
32.40382464088907
-29.79759305027983
-2.3040824433846865
-11.995399746436306
-0.8765945500035741
3.7158796088533563
-11.972827722343936
-7.196662424874376
1.3078962226154545
-4.028902162432132
5.221332777473435
-3.059954395137538
5.958699921045991
-2.194914388735924
10.070249763528409
-3.9087769274301536
9.376157187187346
-3.287045805822345
8.9705394087905
-1.3301146556295862
6.093226424260138
0.7386457108223112
8.8378668259993
0.3508878268257831
2.669309015491308
0.3167884140784736
1.2493842288549786
-0.11052555716923962
0.13947571262360725
-1.5712889106052899
0.8121217163316032
0.15850381984091655
0.6858386786425399
1.1618395542027429
6.428765958868098
2.464077179911328
2.4150234637854737
0.013554508235756657
2.5070797105308884
0.0013421500134427333
2.7995515223010443
0.19198660722940986
4.484564753563973
-0.7794857203316496
6.339954123772259
-2.326071901479736
4.834993958533232
-1.0438059545176657
6.61018119781329
-1.062406158333033
6.089951117941382
0.9534383727077511
7.42490607430409
-1.1496316746906814
2.857278063564081
-0.42449054177814105
2.5859013012686773
0.05400859005385428
7.836745265227364
-0.6847907449955528
7.239068870050687
-3.6640134768622374
3.3810637837232207
-2.581281846796628
2.8529575059437775
0.22166916687092453
3.1186689654950897
2.884300012694439
3.2582104257871833
2.415234042411612
2.1147210228864424
1.8417377480946016
2.44120193353956
0.8549699198702001
1.5402191678404051
0.2114967014949798
-1.0012070893299096
1.8056242553102493
-0.577780831612472
0.13354317237099167
5.445207624859904
0.4108789748970594
1.6987202195487043
-1.438193349951689
2.508810089328108
-0.5011319297536829
2.7862721543133375
-0.8365696975270112
-2.442790619068546
3.3410859982632246
2.7078954233511467
1.7537297736671462
2.5234568580308405
1.860804803283827
1.8109914813612704
1.4457579368354345
2.066426584493456
0.6340574561181711
4.447222776570925
15.20219295359675
30.831794502582852
-25.668527078794796
-4.5415289997945365
-5.438008655695739
-8.603509806038346
9.61770287463878
-13.063286452797911
-27.030882767116054
14.587315270155159
-0.5849330872879364
6.259403300819031
0.9708741192589514
8.172486162024143
-0.1633693149251485
1.9544464869104559
-1.1290420616642223
-0.38706621965502563
-1.5500547836109035
2.247809532127576
-0.3473538702583028
0.4425400686013745
-2.402349653701094
3.849291637949136
0.41687416595959803
4.28832566953497
0.22341362508086604
-0.9856016995945538
0.03471285082196118
-0.7049974980764091
-2.7389284714736277
2.9786098283839237
-3.035376113073653
-2.4815167168435437
-3.5061810682018404
-1.3490468615036662
-0.9927820671764493
0.1887623472193809
-1.2620072203935706
-0.10633671275536472
-2.9145877912924334
0.7467263670769171
-4.588557613837111
-1.7797101901414862
-2.4847938115035504
-0.13734288418345386
-1.0295802989276126
0.3761576131091715
-1.6138471677859343
-0.07665175161673687
-1.8269666249088914
-1.5470870636654581
-1.312621864823086
0.3887741401686071
-2.1316191906735185
0.3432801939743513
-2.7775992642182246
0.0021346563207771396
-1.043305327239068
-0.11293217670390732
-2.5917641695577913
-0.5790228197183751
0.573478583672113
0.0039564304606756195
-0.005388285706430906
1.6052075380739552
1.0531924615897879
1.0470110293063044
-1.2321649871228146
1.1118519314077275
-1.298159990554268
0.3702497108024545
-1.4324206696564943
0.9055503633699118
-0.6807077545126958
3.825414879807795
1.0764819261239609
3.0041892346671375
-3.606467458237603
3.229258435079828
-2.794797032540373
3.124187561308645
-5.150185568099914
1.0854372838202835
-3.127017616010562
4.802345542098919
-5.53958958516705
3.1872960476648586
-2.8289865337974334
2.806387551858279
-3.287605490808346
2.887001550532659
-4.044991390630457
1.3206586973174126
-3.697951650072355
2.1732786013162695
-3.077170940750875
1.720085111379376
-2.460620594196371
6.4769511518225045
10.003921671268472
30.521278182777678
-19.843297598166828
-8.2076633932611
-12.983141001512195
5.301611069658975
19.622677728713825
-12.766978915027721
-20.740574017014296
12.03005641940399
-2.8552033329015103
4.086151886636799
-3.1410054905481957
3.325603483235682
-0.14881153478563647
7.527142139897478
-1.0814545657103736
8.47211149119903
0.9714382915335591
4.321810232988355
-1.8372468878878863
1.1216216548164084
-1.5605097104817105
4.0479978642724745
-2.217669970486895
1.5312922617558797
-2.389327450235214
3.534065545625708
-2.2645534588191367
1.021859795677301
-0.4333981447362021
3.034246668476044
-2.7350693221924303
2.9278534406239487
-1.1325204692893749
3.774017028432354
-0.9745766928481316
4.351044184442799
-1.4164139372751379
1.2626748297534505
-3.753344473772813
3.043250931581497
-3.714107009644067
0.3377921359424363
-1.179345964017557
1.3409792435031704
-2.6720332877775945
0.15320585117115115
-2.1629807670415175
0.8255559889075812
-1.627964247170894
0.3846928216262313
1.4744657574174198
2.843817917892011
0.11206356248476368
3.144489880052788
-0.13016738171972975
4.094464780040653
-1.1705396567322168
3.6140352803722635
-0.42766904498057556
3.363090416189152
-0.05040826757795003
4.274881101810024
-2.055112810077844
7.181844332126275
-3.1434260284095217
6.288817746846689
-3.0491046516290226
4.717803643346997
-0.32870558657123183
4.429859907017089
-0.8240574844912771
6.331625968015942
-1.6158491846017569
8.70949769264007
-3.3931412893343804
4.997762432714808
-2.7161529133354634
5.1426064806073555
-1.1406224080710672
6.027168605158295
0.31477484367133
5.660493276329362
-0.8883531059454981
4.78806937349691
-1.4776525342695095
2.4649808799586026
0.8312404762436927
2.550710209967292
-0.8155691551783093
3.3493226766240696
-0.9413670902958984
3.0125848495736136
0.022168702136696083
3.8993070423784957
-1.2932548067419702
1.943165179065545
-2.7015781748614245
0.40593970290137804
15.242497820636345
29.521850694172826
-21.282053372371593
-5.899890408856663
-8.77411163857687
-2.7346671214290836
6.82584863548982
-8.168412742546934
16.75699713101676
4.037990609242115
1.3214523064580135
1.4155301198097732
0.8485287968178454
1.4696872059430461
-0.05130122425725858
-1.7283289770748524
-0.2745972274442465
-3.7872169445581676
-3.507213423767098
-7.192297546376722
2.850205980499595
0.8523671054299484
1.6290559839162597
5.530555925177396
-0.06029977429716382
3.5288210874186916
-0.3877891194370022
-4.335847294390987
0.8149496452733729
-7.308741087463204
-1.0022446135117207
-5.637238337640156
-1.1598018437362043
-6.137817544375139
-3.3905538880062522
-6.427524888857079
-4.376269255024454
-1.9518545813934907
-3.1781032252674777
-5.169679966922558
-4.117027515518203
-4.643181488845585
-6.205248548483723
-17.224954784916918
-16.419553533145518
-28.519738292354305
-16.80798512597721
-27.22148329220545
-13.670923435889563
-24.56839451424821
-14.299936958652324
-25.34755792263786
-14.027486553004564
0.020293785180911073
-6.15555816639062
-28.407346641335607
-12.363249316031215
-0.4435846967226098
-6.199220948223228
-0.9267078807824873
-5.685208365972358
-2.1275274625313614
-5.461383482803285
-1.854899669331644
-0.8892622515904804
4.240514616994915
-6.669705045811497
0.9103961767505098
-6.833654521873541
-0.11102806835515366
-8.667348182341811
-0.20554867042847036
-5.992528773922459
-0.0316387828115694
-6.594234881760713
-0.7801763486222626
0.23066292558723944
2.019666910338856
0.7960493055743427
2.8725471944308083
0.9588567342434544
0.6881130511774245
1.272678542887661
0.5555052538729797
3.577784493632862
4.970147015217663
3.8644417742598307
6.163702505044057
2.7470847799777403
2.9689327665164456
1.442730086038864
5.970742931011046
1.1471941314830474
4.075394264958959
0.9211551189600868
1.261629988637651
-0.11922334502924059
1.4592130787932547
1.7281349972890894
2.538219832442337
17.827736382143485
23.75909514380328
-27.40390622171435
-13.042769523390234
-2.3414555492472573
-5.156375225227748
8.983725295291151
-12.933896727887259
9.370223988360522
2.523550084182716
1.6186562226685055
5.292033832043671
2.3513776923882688
3.8160328093672433
0.9901166782674409
1.6707184105271153
0.203389259713731
4.401115439528439
0.8540579401906143
7.921071320932242
0.5791868897013046
5.790755927917417
0.8663346838384314
5.0290845916679245
2.5179647554832627
3.2723555090742593
0.5247813287151075
-3.993878214763754
-1.0468498083810118
-0.06514940432134608
0.9205879285909759
0.7518924162213807
0.7988888902400504
2.7521577364623226
-1.0626670682304393
2.953212632150098
0.048101951861099224
3.0588441696691007
0.5728829599465826
0.7636471473015263
-1.842893626424484
3.0253066950663197
-1.6834057602645771
3.1836864574470383
-1.8746967199131177
3.2174946121485846
2.9672590902191587
6.505908481456572
1.8923403688186227
3.157199156432398
0.24671536325695342
0.19918529025926546
1.7854252085307962
0.972242579131489
3.399921509475462
3.830557170449538
2.7849119526963477
3.3465125285329123
1.4917800539860764
-0.25639119611878414
-1.3044010619232722
2.2199494323285762
0.8546210271488235
3.277068772888015
-0.04917306771676522
1.4898882605320978
-1.485521530301412
-1.1072354767457
-2.137939591513714
1.9836461871618667
-2.2769429594191024
4.973301031572191
-0.15659346192296653
4.516010219143936
-1.8873803256319661
4.676712465343371
-0.594481312256903
2.098315560937408
0.669345753161906
3.3358353402691137
0.23334237042763561
1.3483281675962644
0.9542256847271346
-0.05212074242263043
1.1936641575375688
1.2380468671981362
0.3666921097337763
3.5556445017537044
0.875881742376805
-0.23931205513508758
1.9587325736356433
0.2455008575307147
3.9836460726819496
1.3669093480311858
2.8307876397720975
-0.8732292438417062
-0.022695347668559407
-0.23616748085987638
-0.37879417276053573
1.806634964852492
19.105662646248675
24.20153098992887
-26.529870784899686
-6.137092105034753
0.5090281983611931
6.936262506489584
11.741831822368113
-18.889761424814424
3.4375514256626047
11.240265092246773
2.246679294417845
0.09456892770504055
0.7278282281276915
4.568324515215863
2.5029348121333896
2.448007291479371
2.9238696115698986
1.3145436926333787
-1.9437047402698227
3.553774781361426
-1.0754743780362332
1.3824707354342536
-1.7226894763080054
3.2501440061241738
-2.780487429929053
3.3387901335809147
0.5765110447191546
3.4485636870358576
-0.8220599637679697
1.2492329242686537
-2.694151283123574
4.090195750544808
-1.2717182193136978
6.214535078188419
-3.126037141406414
7.121438088443028
-2.8018920420890936
3.344093683959727
-1.5534220325844217
7.202327759048785
-2.2703342695022
3.128978415763413
-2.972239188711683
1.6100469808625348
-1.53228480096368
3.6422615517949453
-2.3803310740113375
1.4827729420485412
-0.8210156875193206
0.17142252274970815
-0.9286646680884587
-0.6013810297245072
-2.4502964334660646
1.0120494896546006
-1.482493984118264
2.9030229612089897
-0.9990590687648364
0.663348414864231
1.2035085231909761
5.414426569454008
-0.06463439339131583
4.238218408654575
1.949724106958456
2.923321508045774
0.7712993818331597
1.90912425035458
3.839646622440341
0.42436676461511524
0.6006077436268242
-0.8441848595157353
-1.3569472382168897
-0.24967668601311743
0.19583240420797665
1.255430544137198
1.359763506150557
2.951515257338542
1.120277673662713
2.4888834720295563
2.893074286659612
5.177779364563321
2.2871894578420324
1.5032603511717753
-0.17188179409822624
3.2848297072141577
-1.7901751960962429
7.147268186379733
-0.47825360190472566
4.400006607556861
-0.9979560941355885
3.6140100451684702
-1.530843581253066
4.822937913220812
-1.4634076615402591
3.8342019439060095
-1.3399422191250778
1.308399197034305
-4.577067853851986
2.2954766116454266
-2.2925396226328303
0.8296642809473269
13.79774616810937
25.308386221195178
-22.674831960837764
-3.65156792367452
5.846651206045863
3.944661262265072
7.963339680167337
-23.73551878485705
-3.4640214403880236
4.675890439853902
0.39418071350155515
2.94517104168699
0.07961393369259895
2.340590851601519
-0.6684505854227609
0.3815961251475528
-1.489102570760224
3.7227233917183185
3.022148018455482
5.0251827402044
1.5790017644667387
2.492063925430557
0.4378644432636065
0.10514680082633276
-1.5517330515176582
2.723293129894955
-0.7859614494209382
2.593998727355938
1.917896581137029
4.071219284871404
-0.22113773430828587
3.4067740671471256
-0.23018697149018408
10.151181818877376
-0.4931159691132052
5.54929778631049
-1.6601411197971174
2.3535891155243007
-2.3639253332348744
1.3476528407554724
1.0616924764854048
1.0692239504314784
-0.7451126856667543
1.372766171431067
-2.134474926346229
4.4951077564765
-1.6704931861004297
4.380462342138344
-0.2015165553384577
4.401619729405866
0.7968137412299257
3.9769896163943486
1.5602391848715342
4.3895307988532295
1.423973142500472
0.31997111681630486
1.6996081047982443
-1.890493812472414
0.29608740888033935
0.024406481557889492
2.1412282044238964
0.7389097749164648
2.964080329573335
0.4321467542031314
2.663257943593635
0.8052761531562282
1.313844528322079
0.9374021568546596
1.557852251760778
2.0335660095552157
1.8211997197977325
2.632485804542739
0.7421099272578431
0.8525260736132623
-1.243749488303365
0.7566965974565392
-1.3054770647358964
2.72378067718455
-2.190283379421089
1.6155189618166332
-1.5824736568592925
2.0177686711849674
-1.1560976115415542
-0.47462359001474397
-1.1082864360632811
2.017908362482558
0.6436278916808078
5.133397933721426
1.9139809861590038
3.9334882641869626
-1.6654164619412768
3.0808727765561343
-0.20571335919885314
4.004419696408149
2.4129739518120914
3.798754997560536
0.6151618728690664
-0.11208038787117403
-2.5869321543705155
-1.565492490746692
14.456908181122344
22.696751116020096
-27.810502490794534
-4.468658125186266
3.729524329522974
4.5826119386001665
14.02785955005129
-12.234058761559936
-11.499885304245254
4.464930953918156
-2.1400325805025204
4.205374294611829
0.581435045636681
1.7986918184251408
-2.5245824162793724
3.2302874566648825
-2.460455284390264
3.4480906445714936
-0.5915899886094849
4.468608172270251
-1.1053907699842966
2.972639957561114
-1.2387085702230252
1.05154932604637
-0.37235323793356656
2.058471451866353
-1.235913405815154
0.4134182413581584
1.7442570003477158
-0.21763001635554247
0.30521616344231006
3.514852877950034
0.6785063520328549
2.1236227186382166
-0.0866503902743716
-3.4188530400624586
1.6567206953950517
-0.16737626789836213
0.044207901981280884
-2.0200887685477937
-0.144539948363672
1.2284063986244291
2.0676295751181897
2.7792075321031007
0.6856885771321686
2.7811496801550675
0.009269367470551515
-0.17493412045951118
0.3974773667032423
-3.413353049025318
-0.36117564766936994
-1.8637772564525221
-1.6793909102943871
1.4306288562329428
-0.31483707486404455
0.8199747392081917
-0.498981493878091
0.7876278250696487
-0.2708882064143836
1.3939377076658275
1.6818163276893756
3.25980398692991
0.28151329233332945
4.266984726540613
2.323407378888078
6.0855101104807545
0.6286235692823539
3.6974724702704407
0.32559233990104985
4.648891567687315
1.168916676309891
3.22669901343761
-0.08688051076205738
0.6908526449842611
0.06721038120122103
2.9871781041092618
-0.6637663064211665
2.0196820542714704
-0.43100335559938685
1.8534206267831905
-1.9604138646845968
0.5573067537116003
-0.9676642335653014
4.540730168499067
-2.6852565322715236
-0.9516460101403936
-0.09617464806433418
-0.1387557739890326
0.3749529520391661
-1.7278515948419226
-1.4640445015502337
-1.3566227749597601
0.6248610076381738
3.572426067743436
0.26443581060266297
4.635658045534001
-1.1170471793484467
4.0502126397641405
0.5859772411913582
5.325313479319448
-1.128456057247604
28.5430522542174
-25.57822739529911
4.130878027279323
7.506224976534213
7.881164753751364
15.63398293109276
-13.670523594986662
-17.14850467371616
3.983102563099237
-2.1259892968337226
1.1325634133881977
-2.1884928960771504
0.1310896141712874
-2.6108153997647605
0.057790728880718234
-2.0131037437076884
-0.05544421622835216
-1.610515213196777
-1.9681796197255608
-0.8196582689379284
-0.5384279868721933
1.2622221382462158
3.6249069943769427
0.9393436380305502
1.99631602250156
-0.9629119530218304
1.5508062493208854
0.2453787713911879
0.6221049448631675
-0.7387703800486634
0.5614596762679867
-0.8667234736876708
3.3117044849786907
-0.6744722168041335
3.222412227121822
-1.7846951487990736
3.087441836916696
-2.2757546545944933
3.4238794738412253
-1.4008830480306642
3.3761648032832454
-0.5429893592317967
5.372153322789018
1.7857838332347455
5.1630507137633685
0.0914708591044473
2.845980294388937
-2.232919703657899
0.5207851664672489
-1.2767934231269464
1.6184544914158323
0.9254263489438017
4.104478509494584
-1.6921569536134484
1.407357580950702
1.4880918459366512
3.461378904819867
0.6528836759753176
1.1374375423074525
1.2365078014681785
-0.055960785432034754
0.3848628730065684
-0.8167405447366036
1.1565187899232114
0.8484907895926881
0.35992968469327025
1.4464869020193873
0.3507786759528244
0.7042608957472112
0.24930463587588747
3.294834086420451
-0.9034208968550956
2.97630739541637
-1.4403637320247071
0.4560762259116018
-2.464662032403794
-0.31975605776460725
-0.986698108165001
-1.6193733012096345
-1.71472209973399
0.36475352025991015
2.5933334323090094
3.3129685800995503
2.47377533044164
2.7580769696996867
0.3965390690445929
-0.8082702200408676
0.9672941776061634
-0.04969519049518567
-1.3395168577062577
-1.0045698792800977
-0.38984212903778825
2.3253727444916876
-0.5356115953454719
4.720817277840979
1.0186388684796839
4.8889427009671635
0.2661999458869104
-0.13802275907073636
10.085076869903787
24.349667130394664
-19.70704286038199
3.138654344507813
-2.451757039742006
3.1661861205375317
16.596525865674266
-22.391419822890384
-12.989112090348499
1.4403556828383444
0.33223099649512733
2.988950791163006
0.6166014478094439
-0.12815366808899853
-0.5391785593783425
1.7658631189187872
-0.07188178874639561
1.8676261934488139
-0.3701310231081152
3.8954032339570404
0.7824719724121678
2.910421442500592
-0.8257355563091551
1.8439020102869108
-2.623646271398684
2.558533980180073
-0.4712810091459687
2.1736073976917396
-0.7763211923866038
-0.5416862410856993
-1.3160702290460904
3.6532505978175323
-0.5814068543386384
6.718856234721898
0.21055873482328025
3.7529114260141796
0.5990726086565701
0.7450061200761411
0.8322763616852171
0.8164921640582179
-0.01319940489338478
-0.5817946605693578
-1.5878777386897127
1.3535472073090205
-2.5798060640863696
-0.134201986125845
-1.1829402076473343
3.676016909372265
-1.747407583232416
1.6190311665959598
0.023505623315941193
2.2059861328980332
0.055717227292916505
3.1170654880115762
0.2871049217210384
1.171081951348242
-1.388392856646533
1.3200479437837203
-1.7107628540979931
1.0554759731767263
-1.1633390216538828
0.9986374019899813
-1.2697521977570432
2.206398967831774
-1.3209171043235983
2.6455153658116615
-1.725324235876542
1.8675245837457624
-1.8760591305690468
-0.10469304665457457
-2.112068833977901
-3.5755692451457435
1.0379648258785892
2.506317303434116
-0.42323528486303985
3.548704014983741
0.1443554868346837
4.247328557339642
-1.1856878733760823
8.453150358172934
-2.2646959387529932
4.527608928823611
-4.2867507954724715
0.33268874771783885
-3.7116839320024155
4.442698635823035
-3.5129674427334976
0.6308514899446891
-2.7038247850723565
-2.257854992581997
-3.8951594861064223
4.45750042453983
-2.2456815445202665
3.3257144829185563
-0.3973615767881711
0.3129904499146505
1.1924364165406587
-0.5908610493934248
2.554103404878333
-0.4310220412353374
12.508643981182104
31.271609762843582
-12.147294658907413
16.899710406943996
-8.569928093091221
2.440110817560708
12.712859905441292
-15.778502029037554
-10.80727232989193
-10.75363494515841
-2.1597422304203064
-1.8440794361267763
-1.392021140005454
0.23136003042236553
0.09709310011203343
-0.4217500333670614
-0.08159110731867258
0.9008091860869172
1.0520627389742003
6.302405125039513
1.3541026502771274
5.405627279296823
-0.2640727195484942
2.1272311802895274
-0.26481896782206604
-0.5789347079644358
-0.22424206849609618
-1.292386684774101
-0.4191392506199918
-0.08046677078164066
0.5949695459003124
-2.809654681801476
-1.8073039774335484
-1.5763317981345608
0.5423831180651177
1.6170141139064071
0.45795255207121954
0.5143491717790312
0.6052838183804852
1.4095765476231463
0.9075821163005457
3.748982612556574
-0.6296118037353153
4.279013179992035
-0.2236125710696797
4.242473665482976
-1.3257235089185997
2.2291850047495245
1.7202087373789254
2.8341367501325294
0.04005702976610337
2.069985871527024
0.4084728147081478
0.9412083805418661
0.1715100310393609
8.566768287804734
0.6397895108602825
-1.2806682089467358
0.7683813170788198
0.014657543613793678
-1.0687995642219903
-0.4728749746500398
-3.454410729718802
0.11829337440576637
-0.5711551895019511
3.5886237010035984
-1.7075833803610294
2.1284641820075194
-2.1868301584745495
1.0896539677032706
-2.838433372635336
2.298054759445222
-1.5154361506320129
4.756067453077776
-1.50237819119684
1.4822036710647808
-1.854912057851834
0.4530772566122323
-3.5642433198008803
3.872849559362294
-0.2837463656178443
2.851697207619509
-1.7782701409923902
1.195241072025965
-0.9457033597554982
0.6303813009890291
-2.0256174963360536
3.5223713230734575
-0.45996046381151245
0.5573503439718479
0.061690790482316515
-0.7389306248569483
-1.1676445788780256
3.3118669123359723
0.9813928489656973
2.1983183032662055
0.2517188126421388
2.9521383741339378
-0.556189537019236
4.89783774625721
10.222479151918378
29.767637624176132
-14.000334947337251
-12.37926319338112
-9.066745121370332
0.21576002904657798
18.829105322802207
-20.707888047616507
-23.080738978653244
2.7273942320061906
0.28327244232241355
3.730706140606344
2.0069942508671375
4.423386499849585
0.9853917042219109
3.453510765413739
0.4796638308016554
4.288843451568027
0.06631546014250489
3.2393699635085795
-0.34993385617599415
0.2516711268308427
0.6268500817459426
0.3744270494844386
1.21617551471536
3.1657924039591308
1.2521218753336143
0.1554415449136286
0.47251782704006473
-0.3164413573249476
-0.23557744568643102
0.23954921587755962
1.8420143694529543
2.3805928290512384
0.19992385001205548
0.5810002993584931
-0.0922244359881006
-0.2000007263613952
-1.4649028523199377
-0.15469830357869796
0.39910358816268854
0.5849029174278257
-1.0352544196666713
0.11978148769958352
-0.274915557123677
-0.25165753396322543
0.0026081479045387823
0.3950364844258729
-0.32842194985096285
-0.5680397421947418
0.5891449311511678
-0.8168012476962758
0.5672087940583879
1.3871585320430313
2.0522227599012695
1.715998575620688
0.7913898358528968
1.6003883932426106
2.163120036919281
2.0392525013503473
0.9316242311579117
0.7785252066423709
-1.2722031720568339
-0.44227502904323046
-1.4033538177336595
2.4236590574582806
0.676368824999372
-0.805882903510792
-0.6075308071831387
1.816997829990214
0.17318525221890013
-0.1165760984094959
-0.5141481427435792
-0.422450512607611
-1.217520698250155
3.075312732682505
-0.7853786743835371
0.9880295734037645
0.4002906153200456
1.3486886277514714
-1.067764057266686
5.835618924123992
1.7164976778258279
2.980123074248695
-1.517009237602906
1.443415254001593
-0.7029030517478532
0.1408840503281681
-1.9409146355828852
-0.026036637527795392
0.6123356691405206
4.362063427141038
1.9963747630026774
0.2469304021087737
1.5765885223954683
0.6137989119506528
1.664392260443492
-1.4479273186752835
1.4541455815233348
-1.7438590497131372
8.488347107359004
21.530778809092226
-13.207510364889458
-8.866436270969643
-6.939148678120546
-10.116660120282177
8.407284944714775
-16.333719737578576
-12.717126949997692
2.3331953847864497
-0.49256232852712856
3.879387373055579
-2.644292643186418
0.662566308188616
-3.8376994095342525
4.56139637238266
0.025581311325368006
2.6141904417836486
2.2962479438920127
1.9484834618815512
1.2148495058700064
3.0412387041633338
-0.04091738653369248
1.3368581281811203
-0.15517271971111768
0.4406770607438375
0.3499525130173424
-0.5746358145443082
1.437738813820033
0.5220139224784361
1.4074589010251657
2.3043187588591536
0.5874295729900041
3.770198005171551
1.7588517006824986
3.9045467178748368
1.9120963500881771
5.515936483749101
1.2820938508539257
1.2890941472487611
-1.636667559565467
-3.4157012255236623
-2.704475127164187
-3.9931583407724247
-0.590727882410647
-1.3870634240010986
-0.8413029378334613
-2.4708851921968744
-1.1568029855170607
-0.25311892275567516
-1.6213613692125364
1.4754136308074521
-2.4020473473101447
2.227584753602059
-1.328412436914732
3.142010812402077
-1.3502603709184768
3.6435065329769714
-0.6411825671311817
2.561553168539831
0.08601498536518193
0.3782997645139403
-2.023110807609555
4.000938569781283
-1.401173142459811
2.0847684658274375
-1.0919197574567079
2.353207326881602
-0.7297824775487243
1.6882765357404423
0.3054403553651355
1.329159782615534
0.8812205230788095
1.7956779673422716
-0.33982021424526465
-0.3100399428822129
0.9149013801907131
-1.786812025720792
0.5432660029600811
-0.8271952545019303
-1.1972209999130428
-0.47537174441094976
0.6391734335411456
3.839188562340496
2.1313342835073854
4.8588497967921285
0.1664528454457468
4.7460398532530235
-1.5251750224815623
1.7736005160313653
-0.22215628987032687
2.449905905958076
-0.5749118807543709
2.8617475340561214
-0.40402793286557426
2.805230864278201
-0.07181951090751681
-2.5211949470885884
-2.69064341784906
-0.8574658179095422
10.702685713569736
23.803458621539903
-22.288674664947393
-6.1645973093145585
-2.8942588097361295
3.173414594359201
14.851357855855895
-18.73793621995719
-17.70518116868152
-2.3673712747313402
1.9146922710206127
5.6043499099487235
0.7027856788590725
2.910588446400652
-0.3372819372689264
2.133684131224072
-0.021458897652337328
2.188731789434314
2.376351345788862
2.2352010002996394
1.897742995815861
-1.289953498813702
1.7364019666165404
-2.0499422492466692
1.2557743156794459
-0.8008129908776027
-0.5054388206935982
-0.647859822076498
0.09786464316857746
3.481938152348448
2.1730670742017537
4.254422260502906
3.7038895280875295
3.842666885104336
2.2069241473309376
1.511771662868341
4.343802315683206
0.8262574405434862
3.586478061370144
-2.68469156158244
2.085298434851211
-4.651273541177943
0.40640835000886
-3.8400940815026843
1.04828091779018
-4.566729050588037
3.0957503915560665
-0.3610512260984251
1.6713055218133377
3.084141284274665
0.8732404652655532
1.8781379514675791
1.441683287428532
-0.1519257783784269
0.3826391803486331
0.3479450153281505
-0.7920488810123061
0.33167674572905526
-0.5127962250444398
1.1686033709174808
2.1837227746764256
0.6810866892374179
2.0853286993424263
0.5703528644226026
1.368389807492349
0.282256036723993
2.210835938623859
0.5264496554736979
1.5700940220049233
2.310249922416915
0.7695578972925432
4.168289392471706
0.9801975321115606
1.8144482626230456
0.9870897756536579
2.917827072657019
1.994735869762735
3.8042587042291416
0.8665790196482703
0.6223126718905405
-0.9586598878431687
3.751370954070808
-1.001563716408782
5.222293494276528
-0.23530281566490885
5.034020176404738
0.8736611016447569
3.0772126012325316
0.4617881012691214
-0.07275465959173744
-0.17963481865808717
1.5323238156961452
-0.11440347330244549
3.398374215259537
1.325709011818617
0.9307176632592018
0.22966553335754725
0.13435881571058417
0.18502694516610063
0.8387794315785868
12.577856421261458
20.659191859047496
-20.902768042426032
-5.371558616463517
0.30262723361920507
6.4811394202915835
12.698945403430116
-21.836989590574376
-16.485724723172098
2.061363068785795
2.431330302993956
2.224751020397889
3.4819252896377293
-0.36023084314547305
1.7853206703712203
-2.7191780610864953
1.6175431717711035
-0.6228639960609144
0.391003162951165
0.2398489500355936
-0.4561177561645309
0.7427198349068931
0.5076435413666331
3.0592638069920213
1.7767845327271061
1.009945919518941
0.5394051899093029
0.6203906445371103
0.45047341931422125
3.1220874193768395
0.5434448267642438
0.45870340319561365
-2.1235254819002876
1.692757633561996
-0.8367785497575824
2.370609320269068
-2.132894493128333
-0.2240780415613699
-0.6871765867763315
2.1073482765950757
-0.0395275669034163
3.1045347040526394
0.6609094984396506
1.9640758120094688
-0.523331778778811
2.3644075686188444
-0.34210414319022675
1.2523852982067183
0.24456004877174564
2.935474963484012
-0.07850847067857103
-1.5253024139219633
1.8227391920736409
4.717894457558941
1.3194793189541087
3.088015050847389
0.24339251024866826
2.959446976368781
1.1798256544625474
0.5494188815973757
0.4194433006341569
1.6261646764251054
-1.1146855937586224
0.10307060705054027
-0.4996306973935134
2.040654391492353
-0.5348244169035752
3.744838184220498
0.7757535492291936
1.683062686211997
0.6134035371687787
1.6830746118594107
0.08153766743089363
2.0178789123547176
-0.17765589403097692
0.3842419076809165
2.4406278414498956
4.759401147821336
0.9864921604930714
4.790027184200881
0.3727360300545115
3.842407779477071
1.0289113727430959
3.177327887629872
-0.5999183617677772
3.0234811859027104
-0.39834969092589745
0.001657652746871463
1.1120687960883515
3.698510223588528
1.0793669372233126
1.751416063587385
1.1510925547809165
0.976295287564426
2.2583018528130197
0.14004345731882495
-1.3024781474759948
0.9544305287527095
-0.7360638878544705
1.109443584602559
9.855572729118649
18.569254895446647
-20.346802123172893
-6.545034902563202
2.190486918692841
10.058240648873834
9.652865397640198
-14.602780736118802
-9.216947989390974
3.6812308996268257
-0.5122019735754293
3.774549658977776
-0.8114473247678688
2.496134015795178
-2.8076072815692896
1.1601012249775522
-1.2946068494857172
4.319222050251483
0.1501910186434543
4.500516529091328
-0.4672160726695438
4.008788435776296
1.2054329723196133
1.0058457550621824
-0.9314557588004391
1.726656180824648
-1.737995037878136
2.6486212077306845
-1.6401031693294499
1.44605011546264
-1.4312829887458065
1.1436210111060063
-2.7892484458425315
1.2300058919427102
-0.5081066772891063
2.6938788966308493
1.9356674259252031
4.9240440262256016
1.590619596920078
3.901696340273702
-1.3984461304462457
2.4135145624659344
-1.7752691098176
4.011266433906712
-1.02439769076409
1.7123375604442117
-1.4586585264933092
0.4190039933928347
-1.1416085541295615
3.2528311105434113
2.3794310980774753
1.6086974753252434
2.1833467370361177
2.8128317186692584
2.1709922783902584
1.970895893382476
2.0086739606085757
-0.8955305679573939
1.2591943364695908
4.998157706573693
0.44066514149380964
1.5391432654723758
0.990596473475307
3.5619139899645234
0.017852264063549228
3.7865289569199376
0.05074040641011379
-0.48639730799914105
-2.2523139836794144
-1.651207976790829
-3.2274900647171307
-2.5664845056999184
-0.2019449249455647
-1.2122636653748486
-1.9527066938208009
-0.7855325138079934
-1.267999925843469
-1.8436915017664433
-0.9498013136580994
-1.2844082053507009
-1.0948031499410718
0.3108465892782988
-0.05023860695109761
0.797764408387593
0.1889897847941029
1.76950701793794
-1.3277249815691903
5.012730260630633
0.8040558051689004
4.363718770282503
-0.9437632921071781
-0.5705833053179958
1.223795488185715
-0.06822892866330221
1.1907829289521032
-0.5132595894901897
1.7216450376454304
-3.350155297521269
-0.6462494726911245
-1.1144267483850854
12.430096197600506
18.728072967383923
-19.787545179526205
-4.010252114061586
-0.4053613440501067
5.476802250130277
12.929843387908477
-14.606717007109182
3.123301129315223
2.611463847420964
-2.1249192361738096
-0.39804780648591986
-1.9300415695124684
2.248153661857941
-1.6570284655826981
2.208476991221687
-2.238964763322656
1.1050924005085108
-1.0990575593496033
2.302612741765188
-0.20882898770105385
1.5947931200880703
1.588230585495694
1.3564024573825009
1.093941283359527
0.07813182266181684
0.425864724402345
1.7954132536669931
0.4386442693412391
2.3795594168077514
0.7650230021936295
2.531817788256376
-0.2634751146324561
3.9622093786783807
-1.3936721071277134
-0.531854100727287
-0.7714481772673025
1.0392294109260547
-3.2870158002388052
1.4978373890407966
0.4415975540123327
3.911914494863595
1.6709782447651378
0.4347264830594213
-1.4766863927834493
-1.8673473200105946
0.20274644847631862
-2.050732089965095
-0.29595269356104836
1.2465473057964118
0.9077371563562338
0.5945485083611857
-0.03888637835007103
0.20084378340106923
0.09790770875406452
0.538529304370968
1.3681782185012707
1.2821422480228648
1.230821535744326
-0.5931135071386961
-0.5646548290351348
1.1942514787297114
0.32405474419283564
0.3475246630714537
1.9468203384021763
4.147433103185904
-0.4007705088570219
3.5554903345419007
-2.051437094458379
0.7823106488594931
-0.7690320909678121
-3.4860942948998854
-1.8774091076720651
0.650247966801544
-2.4894681610803673
1.0163693279573636
-2.4697939882662467
1.0702335031019174
-1.212212891483432
1.1130587485458818
-1.670869052539274
1.3213701480108284
-1.4231508299435518
1.8799032322785934
-2.1122230037326517
1.0520026042522659
-0.9025947616519261
3.380829945759615
0.24324791873368667
2.3570577883092483
1.0972345314512495
-1.590728198603756
-2.3723389764236344
-2.405566831355827
-0.7695629093777825
0.9830061068532814
-0.8607159749717539
-0.25218282614332566
-0.6419139580484625
0.21258845167903928
7.072777799829055
22.838230631035913
-19.949074606585782
-2.333135112960008
-2.363923132956188
1.0045830432954972
8.274880042696168
-16.551276904619954
-12.43389371736339
-1.9731369354340131
1.4570297761965776
0.20978564000688493
-0.004428189429745544
1.734497082827147
0.6321047631117835
1.0992944881290896
-0.5088847594834078
3.2711487714768737
1.6892385944884154
5.441153607516753
0.03718036945974745
1.6004816888853384
-0.908433924716519
3.8446595936075028
-3.5846075448389456
2.4245850166335003
-2.4577184562895127
1.9020106194329855
-1.2719425954837789
1.5506229472430277
-0.6488798497175594
-2.36759812524906
-1.6298139268419618
-1.396925305314653
-0.134360369949718
-0.4917569596946123
-1.5521281090550474
0.2669806164194597
-1.2961176541866735
2.0896088209174195
-1.6220053308097704
1.4588094857517717
-0.9295108262576832
0.9571782813673053
-1.4469649874699826
3.747881771700122
0.11842368035286199
3.056299114270587
0.5524523585045245
3.3426565612207924
0.3832387347611075
4.74636068586733
0.5452157834861282
5.724798236029528
-0.15218329390518193
2.4759150084937573
-0.8382615451591846
0.5671103009644867
-0.6346349153918709
3.871740874470561
-1.3990362405165797
5.573850893872077
-0.42507053320878185
2.479678850424534
-0.03125958234340942
0.40367050131681026
-2.017204373873028
0.30530165097479767
-2.2421394230204896
3.215143991737932
-0.04461633502251061
0.09071244633378228
-0.3827019632099109
3.4418448985288705
0.4544543478223204
4.038473916834846
-1.0551135914083716
0.6797527687631373
-0.6063456882220635
2.9599572530842124
-0.6753881105341861
0.6021239323727059
-2.2580652944161557
2.570464886888658
-2.2972174562164582
1.2604290399067395
-0.6796734133204154
0.9984553187878191
-0.6026272512390278
-1.9975483510406775
2.0947935062959004
-1.4461935049857857
0.14347621277192957
-0.9469059144175844
0.6367732554936083
1.3069437027770618
2.8008843150655593
-0.6850670127932972
0.3658725017485267
-0.5374053915511467
5.551990649408253
19.884146022877758
-16.076819112719022
-6.390920291889415
-0.10812227805581642
-5.553874628685662
5.44246570899486
-15.20460206275493
-21.091069271980814
12.237574953089279
0.24109331043655402
3.1990160128334537
-0.3654062337591313
1.5376028397422488
1.2691083468162105
2.6878626415200415
1.4663116811843793
-0.7622898335921491
-0.7217857957675733
0.12833639894415683
-0.20327254618678126
0.48239259109868726
-0.40608068515030027
-0.11103596170505625
-0.5858111760917382
-1.8214588935079519
-0.9879634841672669
-1.724828256346882
-0.8419103979795182
-0.595437168767603
0.5160380386150791
2.3788570639753743
2.22893193978598
-1.4671691446437762
0.19940708470858226
2.2001424164936907
1.6495437384528486
0.946657753924228
0.9069308291382185
2.330626351549654
2.327045570633345
1.0250323486216075
1.3909797427259036
0.11976737404802407
0.4636015271589713
-0.7095886313836672
0.9175550634918181
-0.18708556859201053
-0.5993651101071009
0.2936190941691166
-0.47508550546081096
-0.08667961371065758
1.0441609019962925
1.5740116377310187
-0.033490456187792006
-1.0746489059438318
-1.0265766789871122
1.7588740664741636
-1.031941532424753
0.10032400467935076
-0.9837205312251172
-1.2883362306238269
-2.2391344585994375
0.795773442263453
-0.34657738329951826
1.992106706566119
2.399758663623288
-0.5460008625523187
0.4355142854165024
2.459865191596691
1.0645735781345138
1.229796166628148
-1.3252792892817524
-0.39636211163269763
-0.39237058034268557
-0.3493905334162264
0.10564242224063491
3.4455785156806087
0.026907621142527205
3.2360598150607984
0.5384215950089128
0.667321985189119
1.319602060762918
1.3218944725485926
0.23087480640242575
4.655332397222082
-0.0696099276192399
3.951096345550468
0.3634919939304382
3.121419341468936
-1.4105943145859783
1.1483961804933642
-1.2326206876950891
0.5212774810042902
-0.821287310709522
0.5202406079406501
-0.7991918687766884
-0.5168404030864622
-1.1837897264522326
-1.0549208513475605
9.271053784037576
20.783747872326785
-18.861433322574158
-5.346823880054217
-0.5117853348438075
3.2249239356697217
12.010811158837896
-12.609603441225772
16.64385918047992
6.264415514060602
1.2828912157292507
1.8730381327895884
-0.7536997071183578
2.1590872756605677
-0.8062792111868475
3.312265936359836
0.11306876433627622
2.4739320170028805
0.4421824921410007
3.8356924566614907
-1.361400799763942
-0.27746321033009735
-4.491574717836556
-0.855087509189616
-5.467335815224942
-0.09685937038921111
-3.8273243072035257
0.823873630439266
-2.9243311005920987
-0.21427586085883377
-0.4433749026575242
1.2480979445117555
-1.6954265525018855
0.8111234612752014
0.26757965216347657
1.904286626384419
1.3498668181600806
0.9865533996053273
-0.44101975539160776
0.40500159013754455
-0.9120483144542959
-0.8220659618127684
-0.19375597608268436
-1.1451169601587026
1.7600684889930562
0.5911398615007784
1.5677491078386083
3.0077095837787056
1.2453498687227693
2.1038832087488117
1.7418570499212365
1.1489860459150805
1.3510616361490975
-0.6640353817983851
0.20482161549261946
2.3495802060333517
1.2312076133839582
-2.1899216043457272
0.0363467625084013
-0.10951988320266537
1.0408924947259948
1.358605294733934
0.8605859376784792
2.860934716527481
0.5067719283561019
2.704297629543362
-0.4780419441540289
-1.241429668651108
0.7355094494032528
-1.5967356546298106
0.3445484346138983
-0.011179853736393852
0.0630803684143757
-0.38060323451099976
0.8924268833306996
-1.707863300720419
-0.9306352979783696
0.9289203636453749
1.5179596522739303
0.2698054397624219
0.8813445274772675
0.44000555155071197
0.475789489246381
0.4164270577202842
0.7028817323462135
1.1313061397468118
-1.570223942737357
-0.6396217372421233
-1.5201761620373873
1.3612387317079992
-0.1432529872017767
2.0852478550405067
0.728640442899632
2.8306503038365918
0.6960566842772096
2.2946125369217043
-0.3918552020641073
1.9034883279564383
0.4563470856555796
-0.4281089796895685
9.959125258714266
15.809024961316027
-19.925595290975252
-3.096438335660423
4.411962120195312
2.135781723562104
8.618712066037915
-11.691465425508795
15.185384579441234
6.619953719515252
0.8057241435872129
6.1011191615289135
2.636855855704198
1.2067748293993645
0.5267408370800695
2.401237326728733
0.800023376230456
0.5311567394564918
0.05829432422615355
1.497412957580309
-1.109441645885454
0.5005497494457813
-0.05156594874461007
8.38508549350081e-05
0.6392369033619616
0.4168574386731052
1.5561984006635612
2.3499826309598575
-0.6483719746447605
-0.8657201835630985
-1.2872496057316312
-0.27531946019917086
-0.15704558193101548
0.4808139887627476
-0.49156930865683535
-0.29025943947817723
1.6066590524951607
5.12331905749852
-0.53657218398439
1.3106685930415551
-1.1196562225704838
1.2337192701288586
0.348002401589838
1.9776410929353005
0.36094105778283847
-2.268361217902566
-1.3913327308637236
0.5620089480798924
0.5397084156938945
-0.30148154916241765
-0.1299980191324721
-2.8141385642884416
0.5841313645905757
1.6944604294621968
-0.26185420405090554
0.06575117601460079
-1.0103317972971126
0.9628490355717076
-0.6219298038013221
2.204577477712519
-1.377540621559092
3.5779898292184953
-2.2654426257267914
4.1987100328587985
-1.9292278908596927
3.8132017599873507
-0.7065792957964732
4.290077668887534
-2.8328396048400464
2.7094037758342893
-0.4550384959202347
1.2568557747727027
0.1462521179983014
4.250161731570188
-1.7049255931651714
3.406665435908508
-1.3917432843445567
3.4759855311222054
-0.2630321399174136
1.926093615604259
-1.622849791225235
1.137050029994498
-1.255980413969155
3.0361451978533296
0.31500144446545164
1.8128080010465055
-0.5990141675574705
0.5685321530381771
-0.5377579576488642
3.80712322533509
1.033860088478832
-0.9245703683900501
-0.9027142920349434
-2.2510141245875275
-1.5900701486152684
-3.124132984141397
-0.09198805005871691
-1.9882312798108615
-0.11822254147409694
-0.9352099631614692
12.736932514488217
16.627531136356993
-19.036463381573412
-3.8463606382083526
0.8443019706919586
2.2378176506117597
8.942008509944571
-14.786601376828912
18.689232595335852
3.9286939773610356
1.0557693213340826
0.7008340799948201
1.5307048064896662
-0.053991412263712846
-0.5512884965282865
3.690581717188252
-1.000408508009059
-0.06610711759276455
-2.2165131214569556
2.4583356081984675
-1.3902659575687721
1.7642650005418545
-0.7583874763568019
-0.5767601772531634
-1.2745703587188473
0.6760958682207274
-3.6002976423878863
-2.8112064883262065
-2.7056894610886957
-1.1327778521608707
-0.8992880485820933
0.03312351902786759
-0.7683902551798383
-1.274122047749188
-2.3156488628519583
0.017796939722757088
-1.1912225863197818
3.084275595116196
1.2582124268628831
3.9179763731481216
0.608145288326341
3.251961440053492
-0.9086789117318403
-0.435277092285105
0.3352177218130237
0.04732100031833397
-0.40986172409611754
0.023342948938079644
-0.5164487345173256
-1.562751103487244
-0.3109750298281142
2.0651833002539206
1.4650963224848965
2.438233197090085
1.202324457692157
3.8184597916606435
1.5258302540496516
-1.101329026856547
-1.1101116598019871
-1.3432043137581786
0.11873392601228261
-0.2096419452682312
-0.42982264573220164
-1.1635371618103818
1.539390751038809
5.401854265068323
0.35504970635702193
1.386399042497942
1.681975295427037
3.1955118204332393
0.9933218450660206
-0.3933388831374032
1.0134457873064093
-0.09098991217797447
2.48147231931398
1.0494488989952515
1.644937998484238
2.4719167331386416
0.040967994938910124
0.5135544990898779
0.41391346503405657
0.3775157706786558
-0.30736162574612536
-0.8884882174552331
-0.41749648832774255
-1.3444621846247173
0.3956778125520941
-2.7129572452213324
-1.400093186630329
-2.390926521498841
-1.1333273871168785
-1.6665156092167308
0.3248595801887859
1.7765074337639817
1.2833983628042915
-0.7671653053675982
-0.0978116871756356
-1.0758888550972188
0.33066713473454
-0.2813928099749319
9.551522815474527
18.12353608452213
-18.06781746298475
-5.651478369021788
-4.765460603208339
-1.1349751978614222
13.220128098966597
-16.948829529481372
-2.9285810317087453
3.4426926874311903
1.0853341287438525
-1.968103882674768
1.8783584900775168
-2.872858814873325
0.3290688730448892
-0.5010990547689289
0.6966724284593511
2.132298489450477
1.4620263508513744
0.41195281662112393
0.037666867559892125
0.4767209223300597
-0.09474370041425573
2.2774067416266917
-0.9647912916298083
1.9165333714954613
-0.5931649277899851
0.021664727841198328
-1.1351566038119927
-0.8287957772918162
-0.7842180804891541
0.07157052928414487
-1.0752371437883994
0.9909796411320713
0.3896389511792222
1.2857728974940983
-1.4212102487163065
2.85490021210353
-1.104029716727382
3.14991907291369
-0.05214850005177141
3.1550698420796834
-0.6896368339785113
0.26944063859264133
-2.7888576320583525
-0.05498950345645426
-1.5568833599918435
-1.0612065862969757
-1.1054078450706584
0.181478757674995
0.7672767464646313
3.295024790057141
0.935546103382876
4.254111234811717
0.9406483888251387
2.3507202201108157
-1.9334820769381622
-2.0158304432188743
-3.6425627816133783
2.4281394093613926
0.018982827014042414
2.286521373804135
0.03610666108397709
-0.1034391642697301
-1.274280271416501
1.3542339408340922
-3.4417105359680136
-0.7789478110553318
-1.6724968257713044
0.14067420609171677
-0.3095611424832896
0.043432948128611315
0.9402856148881256
0.04201398768782383
-0.931537424949056
0.73543650184547
-0.7522502084939333
-0.5866345128670218
-1.7339371207035583
-0.27947313928780204
-0.550066525089278
0.5478195403084101
-0.3290753486708127
0.9618687441980001
-0.8012906329568068
1.149883617157684
0.38354445500226575
0.16229459483110986
0.29643781355116516
-0.2671785930851911
-0.9591660410314944
0.5501165085006505
0.2712556653768843
0.7005351263251214
0.5100621260826301
0.9606834239148156
0.509805057930862
2.6192500200522773
0.34059721376434027
0.6961345445997722
5.068554721152395
19.46154932992249
-20.892231402238394
-1.8252468171831424
-1.7292669063517678
-4.102035965384857
4.333372541555946
-13.099559789101477
-15.210055516603461
-0.1676127583050402
1.0874858374299947
1.1937996459018905
-0.3080057363731612
5.51718490834719
2.113931460571621
2.0247304884596815
1.8740636504953727
0.7695186956607358
-0.3613930915562378
2.1042956870933267
-0.04184347776390496
3.326912735501537
1.7712620584989054
2.09527007950237
-1.3259095859866648
0.7241507426424505
-0.24940455704381748
1.2801739624464972
1.9751130793792981
-0.477900885802228
-0.7004061582756549
-0.8073051145529462
-0.5828781762538711
-0.5750301215830405
-1.2577403136547218
-0.7844106108495907
1.0207875851192512
1.4185635245703452
-0.03150670173272374
-1.2902527875958185
-0.2290935780511063
0.9404920537272119
-0.37384107522848353
1.6486823597806506
-0.6496348233376921
1.855898129304478
-1.7312848516576196
-0.02107338962923677
-0.39086199325538473
1.3353367434046959
0.012747243235935457
1.5345417805583565
0.37994640349461406
1.779873431321903
0.4920192239424068
0.5535110049186187
0.47734040563591407
2.0839798597626213
0.12888991712679854
1.06390484525582
0.20133592630008934
3.1074993378097133
0.27815587613076787
-1.497753813282543
0.36902928920608247
2.7155321876471135
-0.5786517590950098
-0.6425581820149091
-0.892817091265897
-0.29485304107583943
-0.5398143838046963
-0.0871613508916198
-0.15490714965017105
-0.5524883410471375
0.4175052213122399
0.5091039733742946
0.9207803297813371
-2.215154375149723
0.86597172936672
2.718252631417272
1.5080605284965714
1.3484063190499
0.7613142991922359
1.195094230284667
-1.5818279104896646
1.8102029729361675
-1.0298042210451968
-0.480778119092065
-0.8597017738356953
-0.2406874966218311
-0.31808418661421456
1.0212098434421932
-1.818131372492644
0.7242990528138762
0.3334822063025058
2.2608622670049954
1.486900966758185
4.866686060109714
-0.44777689265720255
2.3622303235024447
