1973.932090128451
2048.5099269056227
1973.932090128451
2024.120544226791
2033.8926335055824
2060.2998736718673
2076.475228447057
2058.2409344229827
2052.314377632582
2109.799736737569
2095.0120662072836
2082.7638564373506
2095.0120662072836
2062.404589376827
2072.9461893670564
2072.637554773318
2068.7583775087573
1920.0368037675903
1923.2639474190626
1955.5228718009673
1923.2639474190626
1929.4907328056427
1938.984755064576
2026.238333410952
2028.8580113308083
2054.679629604898
2052.6675656766506
2063.8551743391836
2041.6060575422468
2053.7853431691797
2058.802531851332
2043.3652833494075
2024.4629306043223
2039.3828527098824
2051.0674812825714
2041.9930432379206
2059.7416001730116
2061.0918379361697
2061.7692872174366
2073.356657440593
2061.7692872174366
2061.0918379361697
2061.7692872174366
2081.3771355098256
2070.6267868694476
2059.167637779055
1996.1034998855037
2092.6033155144887
1996.1034998855037
2057.6255074232904
2040.402752971069
1962.3958146434131
1968.3246676326005
1965.2501396105044
1986.4179423089918
1928.1592672811882
2010.4205185429785
1969.0389769346675
1996.0688977489237
1983.5718073345254
1988.2184145216775
1980.631205766366
1970.8488823819323
1763.6799485474817
1869.885527830204
1887.334689588988
1855.3519970788154
1807.5213507151905
1855.3519970788154
1847.868528280647
1848.9698250724753
1834.1777311899887
1847.056315204331
1980.259865594372
1994.4493402109624
1966.0024495919076
1950.5204695582286
1898.618690341138
1808.7694157820406
1842.1961458201781
1974.8037649303212
1957.411960358915
1974.8037649303212
1981.090821777765
1975.0750506555735
1982.396811048965
1839.440588562807
1963.2660737798585
1962.1705450312047
2069.0887399769354
2058.216089357348
1984.185769358913
1893.8672912056795
1945.107955915256
1983.4071525479333
1989.2955680853443
2006.8688022910287
1967.5776335838186
1976.6199251146556
1989.4286053096655
1892.3282951201875
1870.7022887346227
1856.356454160015
1810.1375205504828
1856.356454160015
1870.7022887346227
1974.0160511305405
1960.2796702607006
1981.9590129738185
1965.6711496320086
1973.5325815230085
1966.505853656723
1970.2069735167966
1974.8398121867165
1992.6708042959335
2004.9956023436964
2094.586948287725
1976.7015533596793
1992.6708042959335
1974.8398121867165
1961.7248964441203
1975.4788593664655
1968.0371821569645
2042.1347083865774
2063.046907176449
1976.7015533596793
1992.6708042959335
1982.313212538436
1997.4361146926587
2015.0874905912497
2023.8819919238713
1932.5698265631722
2009.1210160841993
2095.988458800535
2009.1210160841993
2010.4825994796413
2009.1210160841993
2022.4448731034736
2009.1210160841993
2006.852265854605
1920.331577608631
1923.6724058387447
1920.331577608631
2006.852265854605
1990.7174037304562
2005.659634618992
1940.3947259293222
2005.659634618992
1989.797322864055
1991.5722413307724
1998.7168087120842
2072.2697732283464
2091.354208626881
1983.1648181627565
2060.9106320922087
2091.5212931511414
2069.671054544182
2085.198374713132
2091.9622382896446
2076.7944339756837
2057.4012381174734
2068.1923835368702
2006.4735426471227
2075.3333361029636
2023.7183149760413
2020.9313832820555
2019.3816287659824
2104.063070426592
2100.6603331656715
2020.9313832820555
2020.3102796528094
2009.5446365222979
1983.0585295109265
2081.555875218068
2089.5131664850865
1983.1648181627565
2070.2092985765253
2087.5111583811763
2091.094748687488
2108.4128652935583
2013.2809347730845
2027.0342410187914
2013.2809347730845
1975.48512005748
1954.1341623822664
2012.476503588699
1954.1341623822664
2080.2021066527727
2096.6736627917026
2091.3058884030693
2096.6736627917026
2064.711764155545
2085.2713822765927
2100.301439773107
2096.7431961020047
2100.301439773107
2009.6244123901286
1990.3706837509596
2023.8408190137145
1990.3706837509596
1973.932090128451
2013.2674171464023
1895.5701591695088
1870.540427597708
2031.5044156449746
2013.1969575596204
1893.5931333380202
1870.540427597708
2031.5044156449746
2013.2674171464023
2028.8580113308083
2032.7294349622862
2053.471249136066
2082.765978163035
2077.8194620640343
2082.8236885387796
2077.8194620640343
2082.765978163035
2053.471249136066
2070.6346383835753
2077.8194620640343
2095.4417079197447
2073.2963293927837
2082.8062113822357
2081.1970592015628
2086.478287461265
2094.634853835527
2112.743439060005
2094.634853835527
2006.6760023400834
2010.0690626567598
2029.4722444996737
2017.3495101721733
2029.4722444996737
2002.6743428525526
2029.4722444996737
1997.1987100354827
2110.1044567289555
2098.4950959641023
2029.4722444996737
2020.2422926923239
1991.3385132682643
1839.5606242769645
1991.3385132682643
1980.9132480254493
2029.4722444996737
1995.5723512036543
1995.6724341607064
1989.2620615114247
1985.966852752908
1989.2620615114247
1995.6724341607064
1967.6252180046015
1995.6724341607064
2001.0741843493538
1971.4674604663767
1996.1390759274746
1998.230576810449
2072.7604769104546
2056.7563142964495
1988.0768137901046
2056.7563142964495
1993.4465131878535
2002.5258120502554
2023.8408190137145
2003.6470056918558
2023.8408190137145
2003.6470056918558
2023.8408190137145
1990.3706837509596
2023.8408190137145
1997.576612065103
2008.854457323296
1992.7110544432899
2002.6140481807677
2002.5258120502554
2014.6399861882012
2009.2226129728795
2020.4172837687402
2024.3917227528812
2016.020588908392
2009.4599675625395
2016.0216663179383
2009.4599675625395
2008.5440890999566
2024.4020164674523
2017.7912925978562
1998.048068868108
1978.7374165125336
2009.1845583794227
1970.4814672606299
1997.6156342411236
1999.2414621546484
1986.7791272969378
1999.2414621546484
1971.0334409505401
1986.3812417898666
1901.447073703801
1986.3812417898666
1975.3864050972454
2049.1523240061215
2036.0575482006109
2033.8926335055824
2033.0815615571762
2022.3414813297861
2057.479522588594
2041.164332487915
2058.12602794005
2041.164332487915
2025.918126511278
2051.3815480915473
2053.3506302584547
2051.1530395288405
2074.8982617231513
2052.466424445026
1975.039809458092
1990.2103249513964
1975.039809458092
1976.4688606599843
1971.0334409505401
1986.3812417898666
1971.0334409505401
1953.6790155039787
1960.762474558417
1953.6790155039787
1960.762474558417
1967.0960277629738
1955.7234634562278
1975.5050372709875
1991.9217193720651
1974.557140001778
1995.2966067307113
2024.8975208694244
2018.0434734455316
1988.7015893234145
2021.4451152785693
2002.152850285197
1978.1326578466987
1967.4180040698172
1984.3278639419723
1967.4180040698172
1978.1326578466987
1967.4180040698172
1973.47162818293
1999.8269845002799
1973.47162818293
1964.1652420505266
1973.47162818293
1967.4180040698172
1973.47162818293
2002.152850285197
1978.2791410038976
2002.152850285197
1999.9483119802098
1953.6790155039787
1960.762474558417
1953.6790155039787
1999.9483119802098
1988.2110602792452
1999.9483119802098
2003.2743603840563
1960.762474558417
1953.6790155039787
1978.1326578466987
1967.4180040698172
1978.1326578466987
1970.2069735167966
1978.1326578466987
1967.4180040698172
1975.5413429953182
1965.2376843347552
1965.9882235196249
1963.631333320208
1964.2094296230196
1969.2856171996668
1988.0853286561012
1997.4541826424274
2005.987076911207
1964.1652420505266
1959.548890179167
1964.1652420505266
2000.8962665055049
2002.3485375179705
2000.8962665055049
2002.152850285197
1978.1326578466987
1967.4180040698172
1984.3278639419723
1967.4180040698172
1975.5413429953182
1974.0087432907487
2004.2265334934464
1975.4816418978594
2004.2265334934464
1989.1607191497815
1998.648634090002
1994.629907809204
2010.1690689213879
1974.0212759952117
1903.73263770105
1973.932090128451
2036.0575482006109
2033.8926335055824
2033.0815615571762
1939.1572560150137
1977.6030637471913
1972.751031686389
1974.8622028106477
1956.8680176113264
1978.1326578466987
1967.4180040698172
1967.0930077361045
1967.4180040698172
1975.5413429953182
1964.1652420505266
1975.5413429953182
1964.1652420505266
2000.8962665055049
1982.6316808376941
2000.8962665055049
1964.1652420505266
1975.5413429953182
1964.1652420505266
1975.5413429953182
1964.1652420505266
1989.2955680853443
1959.8026418230897
1989.2955680853443
1964.1652420505266
1959.548890179167
1962.8867260764944
1959.548890179167
1964.1652420505266
1959.9464550339724
1964.1652420505266
1959.548890179167
1987.9589530507228
2000.8962665055049
1964.1652420505266
1985.1120727880352
1964.1652420505266
2005.987076911207
1964.1652420505266
2005.987076911207
1962.718775937289
1959.548890179167
1982.2601765463453
1959.548890179167
2067.9552541605863
2080.4095238140035
2082.5636301980217
2080.4095238140035
2082.5636301980217
2080.4095238140035
2082.5636301980217
2066.5825437567155
2082.5636301980217
2080.4095238140035
2082.5636301980217
2080.4095238140035
2043.8209830224894
2072.966295109482
1847.383785508189
1955.293687305231
2089.5011706459677
2100.898825892977
2069.9351940516176
2045.5649871075
2082.5636301980217
2080.4095238140035
2082.5636301980217
2080.4095238140035
2079.63780586959
2080.4095238140035
2049.6049011105742
2073.103119963631
2049.6049011105742
2073.103119963631
2086.22411035216
2073.103119963631
2055.441797387196
2075.037372053498
2092.5668155614153
2071.6777595279136
2077.454375404998
2053.4248279594435
2058.618862371983
2053.4248279594435
2057.240573368548
2044.023411097702
2082.451808962648
2054.2879132345074
2071.793300095648
2034.1909689133279
2040.1814568102839
2034.1909689133279
2028.3206790757629
2034.1909689133279
2033.4480035511256
2034.1909689133279
2049.1523240061215
1973.079108907115
2033.1424045604012
1869.797980653583
1945.344440532848
1965.2501396105044
1947.0394167254517
1948.3446875236662
1968.3246676326005
2051.5308834783486
2040.1814568102839
2038.9642911884634
2040.1814568102839
2038.9642911884634
2040.1814568102839
2038.9642911884634
2040.3810790762816
2047.7055106223022
2040.1814568102839
2038.9642911884634
2040.1814568102839
2038.9642911884634
1901.4672635018549
2038.9642911884634
2040.1814568102839
2038.9642911884634
2040.1814568102839
2038.9642911884634
2042.88709172011
2048.1051060345194
2040.1814568102839
2050.5402585891875
2052.194729140544
2050.5402585891875
2049.6049011105742
2052.648266405476
2049.6049011105742
2052.648266405476
2049.6049011105742
2052.648266405476
2049.6049011105742
2052.648266405476
2067.799666128363
2050.5402585891875
2067.799666128363
2050.5402585891875
2067.799666128363
2061.8175140305657
2064.3278849064063
2058.226096321594
2063.1860119439702
2044.4272977895826
2043.194522654499
2050.5402585891875
2067.799666128363
2050.5402585891875
2067.799666128363
2050.5402585891875
2067.799666128363
2050.5402585891875
1962.0974123728067
2050.5402585891875
2067.799666128363
2050.5402585891875
2049.6049011105742
2052.648266405476
2049.6049011105742
2048.33587742836
2049.6049011105742
2052.648266405476
2073.042150067201
2052.648266405476
2049.6049011105742
2048.33587742836
2049.6049011105742
2050.5402585891875
2049.6049011105742
2073.103119963631
2068.743268167601
2073.103119963631
2068.743268167601
2073.103119963631
2055.441797387196
2073.103119963631
2055.441797387196
2073.103119963631
2022.2504750101693
2050.5402585891875
2049.6049011105742
2052.648266405476
2068.743268167601
2047.2861551464164
2068.743268167601
2073.103119963631
2070.759190934315
2049.5053216903334
2047.6212690571574
2073.103119963631
2055.441797387196
2073.103119963631
2049.1523240061215
2058.2409344229827
2052.314377632582
2082.7638564373506
2060.753570574747
2054.022917649155
2060.753570574747
2084.221425427767
2063.723651860453
2058.7849472205558
2079.5695308094914
2073.5296073369477
2052.30949522588
2058.7849472205558
2063.723651860453
2062.0956399340284
2078.628640854413
2062.0956399340284
2078.628640854413
2062.0956399340284
2078.628640854413
2062.0956399340284
2082.5748699170285
2083.6112005973946
2082.5748699170285
2094.606094643276
2068.414380661015
2094.606094643276
2082.5748699170285
2081.174321506704
2024.5045162484992
2081.174321506704
2072.380752708821
2110.8595318556513
2104.8785356327257
2091.631796315284
1996.838931914057
2091.631796315284
1996.838931914057
2091.631796315284
1996.838931914057
2091.631796315284
1996.838931914057
2091.631796315284
1996.838931914057
2091.631796315284
2067.2234033866334
2087.6517171984033
2067.2234033866334
2091.631796315284
2042.0474440196513
2091.631796315284
1996.838931914057
2091.631796315284
1996.838931914057
2091.631796315284
2067.2234033866334
2091.631796315284
2067.2234033866334
2091.631796315284
1996.838931914057
2091.631796315284
2067.2234033866334
2091.631796315284
2081.040040560583
2079.793208793883
2081.040040560583
2093.684775528296
2105.8355060970466
2076.8109883421134
2105.8355060970466
2093.7273328772953
2093.694002129077
2105.7887855747085
2082.9922418875367
2093.684775528296
2105.8355060970466
2093.684775528296
2105.8355060970466
2093.7273328772953
2093.694002129077
2093.684775528296
2105.8355060970466
2074.6183532241457
2105.8355060970466
2093.684775528296
2059.6180358833876
2093.684775528296
2105.8355060970466
2093.684775528296
2105.8355060970466
2095.4417079197447
2082.9922418875367
2095.4417079197447
2082.9922418875367
2095.4417079197447
2082.9922418875367
2095.4417079197447
2082.9922418875367
2095.4417079197447
2049.1523240061215
2035.2477746400355
2063.3277610248397
1932.6317761058008
2063.3277610248397
2114.586940805715
2086.946910250772
2066.806133639685
2086.946910250772
2081.903821525679
2086.946910250772
2077.4746560813373
2069.9575347931677
2013.1641394019546
2093.986554126473
2013.1641394019546
2093.986554126473
2070.4982222623757
2093.986554126473
2013.1641394019546
2108.4727706511294
2107.8465441534963
2108.4727706511294
2107.8465441534963
2108.4727706511294
2097.183750411744
2108.4727706511294
2107.8465441534963
2089.911443398113
2103.340783815568
2108.4727706511294
2103.340783815568
2108.4727706511294
2103.340783815568
2084.2434660797594
2106.4432379766845
2084.2434660797594
2106.4432379766845
2084.2434660797594
2106.4432379766845
2084.2434660797594
2106.4432379766845
2084.2434660797594
2106.4432379766845
2084.2434660797594
2106.4432379766845
2084.2434660797594
2106.4432379766845
2095.232305500093
2089.5780869065484
1996.838931914057
2091.8003181388535
2084.2434660797594
2106.4432379766845
2084.2434660797594
2078.6179094195313
2084.2434660797594
2092.3056129992306
2084.2434660797594
2091.8003181388535
2077.763777103788
2091.8003181388535
2084.2434660797594
2106.4432379766845
2084.2434660797594
2092.3056129992306
2084.2434660797594
2092.3056129992306
2084.2434660797594
2068.955704262122
2084.2434660797594
2079.5503479362796
2084.2434660797594
2092.3056129992306
2084.2434660797594
2106.4432379766845
2084.2434660797594
2070.34332627675
2067.2234033866334
2070.34332627675
2067.2234033866334
2070.34332627675
2067.2234033866334
2070.34332627675
2074.7631981552404
2070.34332627675
2086.145869758817
2072.0464163333286
2111.78964939224
2070.34332627675
2074.7631981552404
2070.34332627675
2074.7631981552404
2070.34332627675
2046.437887068635
2086.0845525956056
2084.2434660797594
2078.6179094195313
1999.333405299594
2078.6179094195313
1893.9589567249386
2087.9283914939497
2063.3277610248397
2114.586940805715
2086.946910250772
2103.340783815568
2078.336317462436
2103.340783815568
2078.336317462436
2103.340783815568
2078.336317462436
2077.4746560813373
2078.336317462436
2077.4746560813373
2078.336317462436
2077.4746560813373
2078.336317462436
2077.4746560813373
2078.336317462436
2103.340783815568
2077.3002541125397
2009.8636156630153
2077.3002541125397
2103.340783815568
2078.336317462436
2091.421893998428
2078.336317462436
2079.0080848281427
2078.336317462436
2077.4746560813373
2078.336317462436
2091.421893998428
2078.336317462436
2066.409871592265
2078.336317462436
2091.421893998428
2075.626874968361
2077.4746560813373
2078.336317462436
2078.6179094195313
2106.4211317448407
2098.698246637447
2070.759190934315
2098.698246637447
2106.4211317448407
2078.6179094195313
2106.4211317448407
2091.421893998428
2080.9862606039133
2100.1994446342433
2078.336317462436
2078.6179094195313
2106.4211317448407
2078.6179094195313
2106.4211317448407
2078.6179094195313
2101.4673972706746
2078.6179094195313
2106.4211317448407
2078.6179094195313
2106.4211317448407
2078.6179094195313
2106.4211317448407
2077.409164331705
2106.4211317448407
2086.7466959037447
2106.4211317448407
2078.6179094195313
2106.4211317448407
2078.6179094195313
2106.4211317448407
2078.6179094195313
2106.4211317448407
2078.6179094195313
2106.4211317448407
2078.6179094195313
2106.4211317448407
2078.6179094195313
2106.4211317448407
2078.6179094195313
2106.4211317448407
2078.6179094195313
2106.4211317448407
2078.6179094195313
2101.4673972706746
2078.6179094195313
2101.4673972706746
2078.6179094195313
2101.4673972706746
2078.6179094195313
2106.4211317448407
2078.6179094195313
2101.4673972706746
2078.6179094195313
2069.7583207368357
2078.6179094195313
2101.4673972706746
2078.6179094195313
2101.4673972706746
2106.84036657083
2049.1523240061215
2087.9283914939497
2041.9321845777893
2075.034565705505
2086.946910250772
2077.4746560813373
2078.336317462436
2091.421893998428
2078.336317462436
2079.0080848281427
2078.336317462436
2078.6179094195313
2106.4211317448407
2078.6179094195313
2106.4211317448407
2078.6179094195313
2106.4211317448407
2078.6179094195313
2106.4211317448407
2078.6179094195313
2106.4211317448407
2078.6179094195313
2106.4211317448407
2078.6179094195313
2106.4211317448407
2078.6179094195313
2106.4211317448407
2078.6179094195313
2106.4211317448407
2078.6179094195313
2069.7583207368357
2078.6179094195313
2070.6787142566336
2078.6179094195313
2083.7235374109982
2078.6179094195313
2081.329475279221
2095.7728418023685
2109.917183186255
2095.7728418023685
2072.0449017621445
2098.003381681612
2072.0449017621445
2098.003381681612
2070.0170271092884
2098.003381681612
2072.0449017621445
2100.5582148118115
2072.0449017621445
2100.5582148118115
2108.527135182558
2100.5582148118115
2072.0449017621445
2100.5582148118115
2072.0449017621445
2100.5582148118115
2072.0449017621445
2098.003381681612
2072.0449017621445
2098.003381681612
2072.0449017621445
2098.003381681612
2072.0449017621445
2098.003381681612
2072.0449017621445
2098.003381681612
2072.0449017621445
2098.003381681612
2072.0449017621445
2098.003381681612
2072.0449017621445
2098.003381681612
2072.0449017621445
2090.4338036812765
2072.0449017621445
2090.4338036812765
2072.0449017621445
2098.003381681612
2072.0449017621445
2098.003381681612
2040.4414427511012
2080.9855399609582
2040.4414427511012
2098.003381681612
2072.0449017621445
2098.003381681612
2072.0449017621445
2098.003381681612
2098.4950959641023
2066.1598110974282
2098.4950959641023
2098.003381681612
2098.4950959641023
2098.003381681612
2072.0449017621445
2098.003381681612
2072.0449017621445
2098.003381681612
2072.0449017621445
2090.4338036812765
1884.5399888576976
2054.909009954043
2070.061600393991
2051.448044949303
2071.1664647167336
2013.1641394019546
2087.2181233835563
2082.158577139279
2087.2181233835563
2084.5576270083384
2085.58651870066
2110.1044567289555
2108.527135182558
2110.1044567289555
2079.2286319138343
2110.1044567289555
2108.527135182558
2110.1044567289555
2108.527135182558
2078.0376333115846
2108.527135182558
2110.1044567289555
2108.527135182558
2110.1044567289555
2108.527135182558
2110.1044567289555
2108.527135182558
2110.1044567289555
2108.527135182558
2067.737152415135
2108.527135182558
2110.1044567289555
2108.527135182558
2110.1044567289555
2108.527135182558
2110.1044567289555
2108.527135182558
2110.1044567289555
2108.527135182558
2110.1044567289555
2108.527135182558
2072.944398972523
2108.527135182558
2110.1044567289555
2108.527135182558
2110.1044567289555
2108.527135182558
2110.1044567289555
2108.527135182558
2110.1044567289555
2108.527135182558
2110.1044567289555
2108.527135182558
2110.1044567289555
2108.527135182558
2110.1044567289555
2108.527135182558
2110.1044567289555
2108.527135182558
2110.1044567289555
2108.527135182558
2110.1044567289555
2108.527135182558
2110.1044567289555
2108.527135182558
2110.1044567289555
2108.527135182558
2110.1044567289555
2053.2818160392408
2110.1044567289555
2108.527135182558
2110.1044567289555
2098.4950959641023
2098.003381681612
2098.4950959641023
2098.003381681612
2098.4950959641023
2098.003381681612
2098.4950959641023
2090.4338036812765
2072.0449017621445
2108.4128652935583
2072.0449017621445
2090.4338036812765
2072.0449017621445
2090.4338036812765
2072.0449017621445
2090.4338036812765
2072.0449017621445
2090.4338036812765
2072.0449017621445
2090.4338036812765
2072.0449017621445
2090.4338036812765
2072.0449017621445
2090.4338036812765
2072.0449017621445
2090.4338036812765
2072.0449017621445
2090.4338036812765
2049.1523240061215
2087.9283914939497
2041.9321845777893
1979.4277582285813
2041.9321845777893
2075.034565705505
2079.872014511505
2072.0498703576473
2067.8399977898994
2086.2785739302967
2079.2286319138343
2110.1044567289555
2055.115068103084
2110.1044567289555
2102.684666879158
2090.4338036812765
2098.4950959641023
2090.4338036812765
2098.4950959641023
2090.4338036812765
2098.4950959641023
2090.4338036812765
2098.4950959641023
2090.4338036812765
2098.4950959641023
2098.003381681612
2103.073838602171
2098.003381681612
2098.4950959641023
2098.003381681612
2070.0170271092884
2098.003381681612
2098.4950959641023
2098.003381681612
2040.4414427511012
2067.737152415135
2086.9598982875264
2072.944398972523
2108.527135182558
2110.1044567289555
2098.4950959641023
2098.003381681612
2098.4950959641023
2098.003381681612
2098.4950959641023
2098.003381681612
2098.4950959641023
2090.4338036812765
2098.4950959641023
2090.4338036812765
2098.4950959641023
2090.4338036812765
2098.4950959641023
2090.4338036812765
2098.4950959641023
2090.4338036812765
2098.4950959641023
2090.4338036812765
2098.4950959641023
2090.4338036812765
2098.4950959641023
2090.4338036812765
2098.4950959641023
2090.4338036812765
2098.4950959641023
2090.4338036812765
2098.4950959641023
2090.4338036812765
2098.4950959641023
2110.1044567289555
2098.4950959641023
2090.4338036812765
2098.4950959641023
2090.4338036812765
2098.4950959641023
2110.1044567289555
2098.4950959641023
2110.1044567289555
2098.4950959641023
2110.1044567289555
2098.4950959641023
2110.1044567289555
2098.4950959641023
2076.8109883421134
2098.4950959641023
2110.1044567289555
2098.4950959641023
2090.4338036812765
2098.4950959641023
2110.1044567289555
2098.4950959641023
2110.1044567289555
2098.4950959641023
2090.4338036812765
2102.684666879158
2090.4338036812765
2102.684666879158
2090.4338036812765
2102.684666879158
2090.4338036812765
2049.1523240061215
2023.739281799879
2040.682877957097
2066.008543877889
2067.071121169783
2074.317153215717
2067.071121169783
2072.0498703576473
2101.4673972706746
2081.4740213434743
2079.2286319138343
2110.1044567289555
2098.4950959641023
2090.4338036812765
2102.684666879158
2090.4338036812765
2102.684666879158
2090.4338036812765
2102.684666879158
2090.4338036812765
2079.043662412471
2090.4338036812765
2102.684666879158
2090.4338036812765
2102.684666879158
2090.4338036812765
2102.684666879158
2090.4338036812765
2102.684666879158
2090.4338036812765
2102.684666879158
2090.4338036812765
2102.684666879158
2090.4338036812765
2098.4950959641023
2090.4338036812765
2098.4950959641023
2090.4338036812765
2098.4950959641023
2090.4338036812765
2098.4950959641023
2090.4338036812765
2098.4950959641023
2090.4338036812765
2098.4950959641023
2090.4338036812765
2098.4950959641023
2090.4338036812765
2098.4950959641023
2090.4338036812765
2098.4950959641023
2091.294701154654
2079.043662412471
2090.4338036812765
2098.4950959641023
2090.4338036812765
2098.4950959641023
2090.4338036812765
2098.4950959641023
2090.4338036812765
2098.4950959641023
2090.4338036812765
2102.684666879158
2090.4338036812765
2102.684666879158
2090.4338036812765
2102.684666879158
2090.4338036812765
2102.684666879158
2090.4338036812765
2102.684666879158
2090.4338036812765
2102.684666879158
2090.4338036812765
2102.684666879158
2090.4338036812765
2102.684666879158
2090.4338036812765
2102.684666879158
2090.4338036812765
2072.380752708821
2090.4338036812765
2098.4950959641023
2110.1044567289555
2098.4950959641023
2110.1044567289555
2098.4950959641023
2110.1044567289555
2098.4950959641023
2110.1044567289555
2098.4950959641023
2110.1044567289555
2098.4950959641023
2110.1044567289555
2098.4950959641023
2110.1044567289555
2098.4950959641023
2110.1044567289555
2098.4950959641023
2096.1402658355246
2049.1523240061215
2087.9283914939497
2041.9321845777893
2075.034565705505
2067.071121169783
2072.0498703576473
2067.8399977898994
2054.296671040549
2079.2286319138343
2110.1044567289555
2098.4950959641023
2110.1044567289555
2098.4950959641023
2110.1044567289555
2098.4950959641023
2110.1044567289555
2098.4950959641023
2110.1044567289555
2098.4950959641023
2110.1044567289555
2098.4950959641023
2110.1044567289555
2098.4950959641023
2110.1044567289555
2098.4950959641023
2110.1044567289555
2098.4950959641023
2110.1044567289555
2098.4950959641023
2110.1044567289555
2098.4950959641023
2110.1044567289555
2098.4950959641023
2110.1044567289555
2098.4950959641023
2110.1044567289555
2098.4950959641023
2110.1044567289555
2098.4950959641023
2110.1044567289555
2084.0598851456966
2101.025559798659
2098.4950959641023
2110.1044567289555
2098.4950959641023
2110.1044567289555
2098.4950959641023
2110.1044567289555
2098.4950959641023
2110.1044567289555
2098.4950959641023
2110.1044567289555
2098.4950959641023
2110.1044567289555
2098.4950959641023
2107.5319294443284
2098.4950959641023
2110.1044567289555
2098.4950959641023
2110.1044567289555
2098.4950959641023
2110.1044567289555
2098.4950959641023
2110.1044567289555
2098.4950959641023
2110.1044567289555
2098.4950959641023
2110.1044567289555
2098.4950959641023
2110.1044567289555
2098.4950959641023
2110.1044567289555
2098.4950959641023
2110.1044567289555
2098.4950959641023
2110.1044567289555
2098.4950959641023
2110.1044567289555
2084.0598851456966
2110.1044567289555
2098.4950959641023
2076.8109883421134
2098.4950959641023
2110.1044567289555
2098.4950959641023
2110.1044567289555
2098.4950959641023
2110.1044567289555
2098.4950959641023
2110.1044567289555
2098.4950959641023
2110.1044567289555
2098.4950959641023
2110.1044567289555
2098.4950959641023
2110.1044567289555
2098.4950959641023
2110.1044567289555
2098.4950959641023
2110.1044567289555
2049.1523240061215
2087.9283914939497
2041.9321845777893
2075.034565705505
2067.071121169783
2077.4746560813373
2071.7213448890943
2095.4417079197447
2079.2286319138343
2107.5319294443284
2079.2286319138343
2107.5319294443284
2079.2286319138343
2110.1044567289555
2098.4950959641023
2110.1044567289555
2098.4950959641023
2110.1044567289555
2098.4950959641023
2110.1044567289555
2098.4950959641023
2110.1044567289555
2098.4950959641023
2110.1044567289555
2098.4950959641023
2110.1044567289555
2098.4950959641023
2110.1044567289555
2098.4950959641023
2110.1044567289555
2098.4950959641023
2110.1044567289555
2098.4950959641023
2091.294701154654
2098.4950959641023
2110.1044567289555
2098.4950959641023
2110.1044567289555
2098.4950959641023
2107.5319294443284
2079.2286319138343
2110.1044567289555
2098.4950959641023
2110.1044567289555
2098.4950959641023
2110.1044567289555
2098.4950959641023
2110.1044567289555
2098.4950959641023
2110.1044567289555
2098.4950959641023
2110.1044567289555
2098.4950959641023
2110.1044567289555
2098.4950959641023
2110.1044567289555
2098.4950959641023
2110.1044567289555
2098.4950959641023
2110.1044567289555
2098.4950959641023
2110.1044567289555
2098.4950959641023
2110.1044567289555
2098.4950959641023
2110.1044567289555
2098.4950959641023
2110.1044567289555
2098.4950959641023
2110.1044567289555
2098.4950959641023
2110.1044567289555
2098.4950959641023
2110.1044567289555
2098.4950959641023
2110.1044567289555
2098.4950959641023
2110.1044567289555
2098.4950959641023
2110.1044567289555
2098.4950959641023
2110.1044567289555
2079.2286319138343
2107.5319294443284
2079.2286319138343
2107.5319294443284
2079.2286319138343
2107.5319294443284
2079.2286319138343
2081.4740213434743
2079.2286319138343
2107.5319294443284
2079.2286319138343
2107.5319294443284
2079.2286319138343
2107.5319294443284
2079.2286319138343
2107.5319294443284
2082.026160864193
2107.5319294443284
2049.1523240061215
2087.9283914939497
2041.9321845777893
2075.034565705505
2086.946910250772
2077.4746560813373
2069.9575347931677
2081.4740213434743
2079.2286319138343
2107.5319294443284
2079.2286319138343
2107.5319294443284
2079.2286319138343
2107.5319294443284
2079.2286319138343
2107.5319294443284
2079.2286319138343
2107.5319294443284
2079.2286319138343
2107.5319294443284
2079.2286319138343
2107.5319294443284
2079.2286319138343
2107.5319294443284
2098.4950959641023
2076.8109883421134
2098.4950959641023
2110.1044567289555
2098.4950959641023
2076.8109883421134
2098.4950959641023
2076.8109883421134
2098.4950959641023
2090.4338036812765
2098.4950959641023
2079.105657161488
2094.6890031022735
2079.105657161488
2094.6890031022735
2079.105657161488
2094.6890031022735
2079.105657161488
2109.9791712560746
2079.105657161488
2109.9791712560746
2079.105657161488
2109.9791712560746
2079.105657161488
2109.9791712560746
2079.105657161488
2109.9791712560746
2079.105657161488
2109.9791712560746
2079.105657161488
2109.9791712560746
2079.105657161488
2109.9791712560746
2079.105657161488
2109.9791712560746
2079.105657161488
2109.9791712560746
2079.105657161488
2109.9791712560746
2079.105657161488
2094.634853835527
2079.105657161488
2109.9791712560746
2079.105657161488
2109.9791712560746
2079.105657161488
2109.9791712560746
2079.105657161488
2109.9791712560746
2079.105657161488
2109.9791712560746
2079.105657161488
2109.9791712560746
2079.105657161488
2109.9791712560746
2079.105657161488
2109.9791712560746
2079.105657161488
2109.9791712560746
2093.736144126894
2109.9791712560746
2108.4128652935583
2109.9791712560746
2108.4128652935583
2109.9791712560746
2108.4128652935583
2109.9791712560746
2108.4128652935583
2109.9791712560746
2108.4128652935583
2109.9791712560746
2108.4128652935583
2109.9791712560746
2108.4128652935583
2109.9791712560746
2108.4128652935583
2049.1523240061215
2087.9283914939497
2041.9321845777893
2075.034565705505
2086.946910250772
2013.1641394019546
2069.9575347931677
2081.4740213434743
2091.7236410213877
2101.025559798659
2089.8994694582643
2109.346895507101
2089.8994694582643
2109.346895507101
2089.8994694582643
2109.346895507101
2089.8994694582643
2109.346895507101
2089.8994694582643
2109.346895507101
2089.8994694582643
2109.346895507101
2089.8994694582643
2109.346895507101
2089.8994694582643
2109.346895507101
2089.8994694582643
2109.346895507101
2089.8994694582643
2109.346895507101
2089.8994694582643
2109.346895507101
2089.8994694582643
2109.346895507101
2081.329475279221
2101.025559798659
2078.769240243159
2095.7728418023685
2078.769240243159
2095.7728418023685
2078.769240243159
2095.7728418023685
2067.0405246006144
2084.057823263302
2111.497035803485
2095.7728418023685
2078.769240243159
2095.7728418023685
2078.769240243159
2095.7728418023685
2078.769240243159
2090.4338036812765
2072.0449017621445
2090.4338036812765
2109.9791712560746
2108.4128652935583
2109.9791712560746
2108.4128652935583
2109.9791712560746
2108.4128652935583
2109.9791712560746
2108.4128652935583
2109.9791712560746
2108.4128652935583
2109.9791712560746
2108.4128652935583
2109.9791712560746
2108.4128652935583
2109.9791712560746
2108.4128652935583
2109.9791712560746
2108.4128652935583
2109.9791712560746
2108.4128652935583
2109.9791712560746
2108.4128652935583
2109.9791712560746
2108.4128652935583
2109.9791712560746
2108.4128652935583
2109.9791712560746
2077.169754011443
2109.9791712560746
2108.4128652935583
2109.9791712560746
2108.4128652935583
2109.9791712560746
2108.4128652935583
2109.9791712560746
2108.4128652935583
2109.9791712560746
2108.4128652935583
2109.9791712560746
2108.4128652935583
2109.9791712560746
2108.4128652935583
2109.9791712560746
2108.4128652935583
2109.9791712560746
2108.4128652935583
2049.1523240061215
2087.9283914939497
2041.9321845777893
2053.201563356712
2041.9321845777893
2075.034565705505
2086.946910250772
2077.4746560813373
2101.4673972706746
2072.944398972523
2084.0598851456966
2110.1044567289555
2098.4950959641023
2098.003381681612
2098.4950959641023
2098.003381681612
2098.4950959641023
2079.105657161488
2070.0170271092884
2079.105657161488
2070.0170271092884
2079.105657161488
2070.0170271092884
2079.105657161488
2070.0170271092884
2079.105657161488
2070.0170271092884
2079.105657161488
2070.0170271092884
2079.105657161488
2070.0170271092884
2079.105657161488
2109.9791712560746
2079.105657161488
2109.9791712560746
2079.105657161488
2098.4950959641023
2079.105657161488
2098.4950959641023
2079.105657161488
2094.6890031022735
2079.105657161488
2094.6890031022735
2079.105657161488
2094.6890031022735
2079.105657161488
2094.6890031022735
2079.105657161488
2094.6890031022735
2079.105657161488
2094.6890031022735
2079.105657161488
2094.6890031022735
2079.105657161488
2094.6890031022735
2079.105657161488
2094.6890031022735
2079.105657161488
2098.4950959641023
2079.105657161488
2098.4950959641023
2079.105657161488
2098.4950959641023
2090.4338036812765
2109.9791712560746
2090.4338036812765
2109.9791712560746
2090.4338036812765
2072.0449017621445
2090.4338036812765
2102.684666879158
2090.4338036812765
2072.0449017621445
2090.4338036812765
2072.0449017621445
2090.4338036812765
2072.0449017621445
2090.4338036812765
2072.0449017621445
2090.4338036812765
2072.0449017621445
2090.4338036812765
2072.0449017621445
2090.4338036812765
2072.0449017621445
2090.4338036812765
2072.0449017621445
2090.4338036812765
2072.0449017621445
2090.4338036812765
2072.0449017621445
2090.4338036812765
2072.0449017621445
2090.4338036812765
2072.0449017621445
2090.4338036812765
2072.0449017621445
2090.4338036812765
2065.346517314467
2090.4338036812765
2049.1523240061215
2087.9283914939497
2041.9321845777893
2075.034565705505
2086.946910250772
2092.3056129992306
2101.4673972706746
2086.2785739302967
2108.527135182558
2098.003381681612
2098.4950959641023
2090.4338036812765
2102.684666879158
2090.4338036812765
2102.684666879158
2090.4338036812765
2102.684666879158
2090.4338036812765
2109.9791712560746
2090.4338036812765
2102.684666879158
2090.4338036812765
2102.684666879158
2090.4338036812765
2102.684666879158
2090.4338036812765
2102.684666879158
2090.4338036812765
2102.684666879158
2090.4338036812765
2102.684666879158
2090.4338036812765
2102.684666879158
2090.4338036812765
2102.684666879158
2090.4338036812765
2102.684666879158
2090.4338036812765
2102.684666879158
2090.4338036812765
2098.4950959641023
2090.4338036812765
2102.684666879158
2090.4338036812765
2102.684666879158
2090.4338036812765
2102.684666879158
2090.4338036812765
2076.0299858586322
2090.4338036812765
2102.684666879158
2090.4338036812765
2102.684666879158
2090.4338036812765
2102.684666879158
2090.4338036812765
2102.684666879158
2090.4338036812765
2102.684666879158
2090.4338036812765
2102.684666879158
2090.4338036812765
2102.684666879158
2090.4338036812765
2102.684666879158
2090.4338036812765
2102.684666879158
2090.4338036812765
2102.684666879158
2090.4338036812765
2102.684666879158
2090.4338036812765
2102.684666879158
2090.4338036812765
2102.684666879158
2090.4338036812765
2102.684666879158
2090.4338036812765
2102.684666879158
2090.4338036812765
2102.684666879158
2090.4338036812765
2102.684666879158
2090.4338036812765
2102.684666879158
2090.4338036812765
2102.684666879158
2090.4338036812765
2102.684666879158
2090.4338036812765
2102.684666879158
2090.4338036812765
2102.684666879158
2090.4338036812765
2102.684666879158
2090.4338036812765
2102.684666879158
2090.4338036812765
2102.684666879158
2090.4338036812765
2049.1523240061215
2087.9283914939497
2041.9321845777893
2075.034565705505
1981.849096812732
2075.034565705505
2086.946910250772
2077.4746560813373
2101.4673972706746
2078.6179094195313
2074.7631981552404
2107.5319294443284
2098.4950959641023
2090.4338036812765
2072.380752708821
2090.4338036812765
2072.380752708821
2090.4338036812765
2072.380752708821
2090.4338036812765
2072.380752708821
2090.4338036812765
2072.0449017621445
2090.4338036812765
2072.0449017621445
2090.4338036812765
2072.0449017621445
2090.4338036812765
2102.684666879158
2090.4338036812765
2102.684666879158
2090.4338036812765
2102.684666879158
2090.4338036812765
2102.684666879158
2090.4338036812765
2102.684666879158
2090.4338036812765
2102.684666879158
2090.4338036812765
2102.684666879158
2090.4338036812765
2102.684666879158
2090.4338036812765
2102.684666879158
2090.4338036812765
2102.684666879158
2090.4338036812765
2102.684666879158
2090.4338036812765
2102.684666879158
2090.4338036812765
2102.684666879158
2090.4338036812765
2098.4950959641023
2110.1044567289555
2098.4950959641023
2110.1044567289555
2098.4950959641023
2110.1044567289555
2098.4950959641023
2110.1044567289555
2098.4950959641023
2110.1044567289555
2098.4950959641023
2110.1044567289555
2098.4950959641023
2110.1044567289555
2098.4950959641023
2110.1044567289555
2098.4950959641023
2110.1044567289555
2098.4950959641023
2110.1044567289555
2098.4950959641023
2110.1044567289555
2098.4950959641023
2110.1044567289555
2098.4950959641023
2110.1044567289555
2098.4950959641023
2110.1044567289555
2098.4950959641023
2110.1044567289555
2098.4950959641023
2110.1044567289555
2098.4950959641023
2110.1044567289555
2098.4950959641023
2110.1044567289555
2098.4950959641023
2110.1044567289555
2098.4950959641023
2110.1044567289555
2098.4950959641023
2110.1044567289555
2098.4950959641023
2110.1044567289555
2098.4950959641023
2110.1044567289555
2049.1523240061215
2087.9283914939497
2041.9321845777893
2075.034565705505
2086.946910250772
2077.4746560813373
2101.4673972706746
2081.4740213434743
2091.7236410213877
2107.5319294443284
2098.4950959641023
2110.1044567289555
2098.4950959641023
2110.1044567289555
2098.4950959641023
2110.1044567289555
2098.4950959641023
2110.1044567289555
2098.4950959641023
2110.1044567289555
2098.4950959641023
2110.1044567289555
2098.4950959641023
2098.003381681612
2098.4950959641023
2110.1044567289555
2098.4950959641023
2110.1044567289555
2098.4950959641023
2110.1044567289555
2098.4950959641023
2110.1044567289555
2098.4950959641023
2110.1044567289555
2098.4950959641023
2110.1044567289555
2098.4950959641023
2110.1044567289555
2098.4950959641023
2110.1044567289555
2098.4950959641023
2110.1044567289555
2098.4950959641023
2110.1044567289555
2098.4950959641023
2110.1044567289555
2098.4950959641023
2110.1044567289555
2098.4950959641023
2110.1044567289555
2098.4950959641023
2110.1044567289555
2098.4950959641023
2090.4338036812765
2098.4950959641023
2110.1044567289555
2098.4950959641023
2110.1044567289555
2098.4950959641023
2110.1044567289555
2098.4950959641023
2110.1044567289555
2098.4950959641023
2110.1044567289555
2098.4950959641023
2110.1044567289555
2098.4950959641023
2090.4338036812765
2098.4950959641023
2090.4338036812765
2098.4950959641023
2090.4338036812765
2098.4950959641023
2110.1044567289555
2098.4950959641023
2110.1044567289555
2098.4950959641023
2110.1044567289555
2098.4950959641023
2110.1044567289555
2098.4950959641023
2110.1044567289555
2098.4950959641023
2110.1044567289555
2098.4950959641023
2110.1044567289555
2098.4950959641023
2110.1044567289555
2098.4950959641023
2110.1044567289555
2098.4950959641023
2110.1044567289555
2098.4950959641023
2110.1044567289555
2098.4950959641023
2110.1044567289555
2098.4950959641023
2110.1044567289555
2098.4950959641023
2110.1044567289555
2049.1523240061215
2087.9283914939497
2041.9321845777893
2075.034565705505
2086.946910250772
2077.4746560813373
2101.4673972706746
2078.6179094195313
2091.7236410213877
2107.5319294443284
2098.4950959641023
2110.1044567289555
2098.4950959641023
2110.1044567289555
2098.4950959641023
2110.1044567289555
2098.4950959641023
2110.1044567289555
2098.4950959641023
2110.1044567289555
2098.4950959641023
2110.1044567289555
2098.4950959641023
2110.1044567289555
2098.4950959641023
2110.1044567289555
2098.4950959641023
2110.1044567289555
2098.4950959641023
2110.1044567289555
2098.4950959641023
2110.1044567289555
2098.4950959641023
2110.1044567289555
2098.4950959641023
2110.1044567289555
2098.4950959641023
2110.1044567289555
2098.4950959641023
2110.1044567289555
2098.4950959641023
2110.1044567289555
2098.4950959641023
2110.1044567289555
2098.4950959641023
2110.1044567289555
2098.4950959641023
2110.1044567289555
2098.4950959641023
2110.1044567289555
2073.2963293927837
2110.1044567289555
2098.4950959641023
2110.1044567289555
2098.4950959641023
2110.1044567289555
2098.4950959641023
2110.1044567289555
2098.4950959641023
2110.1044567289555
2098.4950959641023
2110.1044567289555
2098.4950959641023
2110.1044567289555
2098.4950959641023
2110.1044567289555
2098.4950959641023
2110.1044567289555
2098.4950959641023
2110.1044567289555
2098.4950959641023
2110.1044567289555
2098.4950959641023
2110.1044567289555
2098.4950959641023
2110.1044567289555
2098.4950959641023
2110.1044567289555
2098.4950959641023
2110.1044567289555
2098.4950959641023
2110.1044567289555
2098.4950959641023
2110.1044567289555
2098.4950959641023
2110.1044567289555
2098.4950959641023
2110.1044567289555
2098.4950959641023
2110.1044567289555
2098.4950959641023
2110.1044567289555
2098.4950959641023
2110.1044567289555
2098.4950959641023
2110.1044567289555
2098.4950959641023
2110.1044567289555
2098.4950959641023
2110.1044567289555
2049.1523240061215
2087.9283914939497
2041.9321845777893
2075.034565705505
2086.946910250772
2077.4746560813373
2101.4673972706746
2081.4740213434743
2079.2286319138343
2107.5319294443284
2079.2286319138343
2107.5319294443284
2079.2286319138343
2107.5319294443284
2079.2286319138343
2107.5319294443284
2079.2286319138343
2107.5319294443284
2079.2286319138343
2107.5319294443284
2079.2286319138343
2107.5319294443284
2079.2286319138343
2107.5319294443284
2079.2286319138343
2107.5319294443284
2079.2286319138343
2107.5319294443284
2079.2286319138343
2107.5319294443284
2079.2286319138343
2107.5319294443284
2079.2286319138343
2107.5319294443284
2079.2286319138343
2107.5319294443284
2079.2286319138343
2107.5319294443284
2079.2286319138343
2107.5319294443284
2079.2286319138343
2107.5319294443284
2079.2286319138343
2107.5319294443284
2079.2286319138343
2107.5319294443284
2079.2286319138343
2107.5319294443284
2079.2286319138343
2107.5319294443284
2079.2286319138343
2107.5319294443284
2079.2286319138343
2107.5319294443284
2079.2286319138343
2107.5319294443284
2079.2286319138343
2107.5319294443284
2079.2286319138343
2107.5319294443284
2098.4950959641023
2110.1044567289555
2098.4950959641023
2110.1044567289555
2098.4950959641023
2110.1044567289555
2098.4950959641023
2110.1044567289555
2098.4950959641023
2110.1044567289555
2098.4950959641023
2110.1044567289555
2098.4950959641023
2110.1044567289555
2098.4950959641023
2110.1044567289555
2098.4950959641023
2110.1044567289555
2098.4950959641023
2110.1044567289555
2098.4950959641023
2110.1044567289555
2098.4950959641023
2110.1044567289555
2098.4950959641023
2110.1044567289555
2098.4950959641023
2110.1044567289555
2098.4950959641023
2110.1044567289555
2098.4950959641023
2110.1044567289555
2098.4950959641023
2110.1044567289555
2098.4950959641023
2110.1044567289555
2098.4950959641023
2110.1044567289555
2098.4950959641023
2110.1044567289555
2049.1523240061215
2087.9283914939497
2041.9321845777893
2075.034565705505
2086.946910250772
2092.3056129992306
2101.4673972706746
2081.4740213434743
2091.7236410213877
2101.025559798659
2098.4950959641023
2110.1044567289555
2098.4950959641023
2110.1044567289555
2098.4950959641023
2110.1044567289555
2098.4950959641023
2110.1044567289555
2098.4950959641023
2110.1044567289555
2098.4950959641023
2110.1044567289555
2098.4950959641023
2110.1044567289555
2053.2818160392408
2110.1044567289555
2098.4950959641023
2110.1044567289555
2098.4950959641023
2110.1044567289555
2098.4950959641023
2110.1044567289555
2098.4950959641023
2110.1044567289555
2098.4950959641023
2110.1044567289555
2098.4950959641023
2110.1044567289555
2098.4950959641023
2110.1044567289555
2098.4950959641023
2110.1044567289555
2098.4950959641023
2110.1044567289555
2098.4950959641023
2110.1044567289555
2098.4950959641023
2110.1044567289555
2098.4950959641023
2110.1044567289555
2098.4950959641023
2110.1044567289555
2098.4950959641023
2110.1044567289555
2098.4950959641023
2110.1044567289555
2098.4950959641023
2110.1044567289555
2098.4950959641023
2110.1044567289555
2102.684666879158
2110.1044567289555
2098.4950959641023
2110.1044567289555
2102.684666879158
2110.1044567289555
2102.684666879158
2110.1044567289555
2102.684666879158
2110.1044567289555
2102.684666879158
2110.1044567289555
2102.684666879158
2110.1044567289555
2102.684666879158
2110.1044567289555
2102.684666879158
2110.1044567289555
2102.684666879158
2110.1044567289555
2102.684666879158
2110.1044567289555
2102.684666879158
2110.1044567289555
2102.684666879158
2110.1044567289555
2102.684666879158
2110.1044567289555
2102.684666879158
2110.1044567289555
2102.684666879158
2110.1044567289555
2102.684666879158
2110.1044567289555
2102.684666879158
2110.1044567289555
2102.684666879158
2110.1044567289555
2102.684666879158
2110.1044567289555
2049.1523240061215
2087.9283914939497
2041.9321845777893
2075.034565705505
2086.946910250772
2092.3056129992306
2101.4673972706746
2072.944398972523
2084.0598851456966
2070.948556797155
2078.769240243159
2070.948556797155
2102.684666879158
2110.1044567289555
2098.4950959641023
2110.1044567289555
2102.684666879158
2110.1044567289555
2102.684666879158
2110.1044567289555
2098.4950959641023
2110.1044567289555
2098.4950959641023
2110.1044567289555
2102.684666879158
2110.1044567289555
2098.4950959641023
2110.1044567289555
2102.684666879158
2110.1044567289555
2102.684666879158
2110.1044567289555
2102.684666879158
2110.1044567289555
2102.684666879158
2110.1044567289555
2102.684666879158
2110.1044567289555
2102.684666879158
2110.1044567289555
2102.684666879158
2110.1044567289555
2102.684666879158
2110.1044567289555
2102.684666879158
2110.1044567289555
2102.684666879158
2110.1044567289555
2102.684666879158
2110.1044567289555
2102.684666879158
2110.1044567289555
2102.684666879158
2110.1044567289555
2102.684666879158
2110.1044567289555
2102.684666879158
2110.1044567289555
2102.684666879158
2110.1044567289555
2102.684666879158
2110.1044567289555
2102.684666879158
2110.1044567289555
2102.684666879158
2110.1044567289555
2102.684666879158
2110.1044567289555
2102.684666879158
2110.1044567289555
2102.684666879158
2110.1044567289555
2102.684666879158
2110.1044567289555
2102.684666879158
2110.1044567289555
2102.684666879158
2110.1044567289555
2102.684666879158
2110.1044567289555
2102.684666879158
2110.1044567289555
2102.684666879158
2110.1044567289555
2102.684666879158
2110.1044567289555
2102.684666879158
2110.1044567289555
2102.684666879158
2110.1044567289555
2102.684666879158
2110.1044567289555
2102.684666879158
2110.1044567289555
2102.684666879158
2110.1044567289555
2102.684666879158
2110.1044567289555
2102.684666879158
2110.1044567289555
2049.1523240061215
2087.9283914939497
2041.9321845777893
2075.034565705505
2086.946910250772
2092.3056129992306
2101.4673972706746
2072.944398972523
2084.0598851456966
2110.1044567289555
2102.684666879158
2110.1044567289555
2102.684666879158
2110.1044567289555
2102.684666879158
2110.1044567289555
2102.684666879158
2110.1044567289555
2102.684666879158
2110.1044567289555
2102.684666879158
2110.1044567289555
2102.684666879158
2110.1044567289555
2102.684666879158
2110.1044567289555
2102.684666879158
2110.1044567289555
2102.684666879158
2110.1044567289555
2102.684666879158
2110.1044567289555
2102.684666879158
2095.657261774588
2102.684666879158
2110.1044567289555
2102.684666879158
2110.1044567289555
2102.684666879158
2110.1044567289555
2102.684666879158
2110.1044567289555
2102.684666879158
2110.1044567289555
2102.684666879158
2110.1044567289555
2102.684666879158
2110.1044567289555
2102.684666879158
2110.1044567289555
2102.684666879158
2110.1044567289555
2102.684666879158
2110.1044567289555
2102.684666879158
2110.1044567289555
2102.684666879158
2110.1044567289555
2102.684666879158
2110.1044567289555
2102.684666879158
2110.1044567289555
2102.684666879158
2110.1044567289555
2102.684666879158
2110.1044567289555
2102.684666879158
2110.1044567289555
2102.684666879158
2110.1044567289555
2102.684666879158
2110.1044567289555
2102.684666879158
2110.1044567289555
2102.684666879158
2110.1044567289555
2102.684666879158
2110.1044567289555
2102.684666879158
2110.1044567289555
2102.684666879158
2110.1044567289555
2102.684666879158
2110.1044567289555
2102.684666879158
2110.1044567289555
2102.684666879158
2110.1044567289555
2102.684666879158
2110.1044567289555
2102.684666879158
2110.1044567289555
2102.684666879158
2110.1044567289555
2102.684666879158
2110.1044567289555
2102.684666879158
2110.1044567289555
2102.684666879158
2110.1044567289555
2049.1523240061215
2087.9283914939497
2041.9321845777893
2075.034565705505
2086.946910250772
2077.4746560813373
2101.4673972706746
2081.4740213434743
2084.0598851456966
2110.1044567289555
2102.684666879158
2110.1044567289555
2102.684666879158
2110.1044567289555
2102.684666879158
2110.1044567289555
2102.684666879158
2110.1044567289555
2102.684666879158
2110.1044567289555
2102.684666879158
2110.1044567289555
2102.684666879158
2110.1044567289555
2102.684666879158
2110.1044567289555
2102.684666879158
2110.1044567289555
2102.684666879158
2110.1044567289555
2102.684666879158
2110.1044567289555
2102.684666879158
2110.1044567289555
2102.684666879158
2110.1044567289555
2102.684666879158
2110.1044567289555
2102.684666879158
2110.1044567289555
2102.684666879158
2110.1044567289555
2102.684666879158
2110.1044567289555
2102.684666879158
2110.1044567289555
2102.684666879158
2110.1044567289555
2102.684666879158
2110.1044567289555
2102.684666879158
2110.1044567289555
2102.684666879158
2110.1044567289555
2102.684666879158
2110.1044567289555
2102.684666879158
2110.1044567289555
2102.684666879158
2110.1044567289555
2102.684666879158
2110.1044567289555
2102.684666879158
2110.1044567289555
2102.684666879158
2110.1044567289555
2102.684666879158
2110.1044567289555
2102.684666879158
2110.1044567289555
2102.684666879158
2110.1044567289555
2102.684666879158
2110.1044567289555
2102.684666879158
2110.1044567289555
2102.684666879158
2110.1044567289555
2102.684666879158
2110.1044567289555
2102.684666879158
2110.1044567289555
2102.684666879158
2110.1044567289555
2102.684666879158
2110.1044567289555
2102.684666879158
2110.1044567289555
2102.684666879158
2110.1044567289555
2102.684666879158
2110.1044567289555
2102.684666879158
2110.1044567289555
2102.684666879158
2110.1044567289555
2102.684666879158
2110.1044567289555
2102.684666879158
2110.1044567289555
2049.1523240061215
2087.9283914939497
2041.9321845777893
2075.034565705505
2086.946910250772
2077.4746560813373
2101.4673972706746
2081.4740213434743
2079.2286319138343
2110.1044567289555
2102.684666879158
2110.1044567289555
2102.684666879158
2110.1044567289555
2102.684666879158
2110.1044567289555
2102.684666879158
2110.1044567289555
2102.684666879158
2110.1044567289555
2102.684666879158
2110.1044567289555
2102.684666879158
2110.1044567289555
2102.684666879158
2110.1044567289555
2102.684666879158
2110.1044567289555
2102.684666879158
2110.1044567289555
2102.684666879158
2110.1044567289555
2102.684666879158
2110.1044567289555
2102.684666879158
2110.1044567289555
2102.684666879158
2110.1044567289555
2102.684666879158
2110.1044567289555
2102.684666879158
2110.1044567289555
2102.684666879158
2110.1044567289555
2102.684666879158
2110.1044567289555
2102.684666879158
2110.1044567289555
2102.684666879158
2110.1044567289555
2102.684666879158
2110.1044567289555
2102.684666879158
2110.1044567289555
2102.684666879158
2110.1044567289555
2102.684666879158
2110.1044567289555
2102.684666879158
2110.1044567289555
2102.684666879158
2110.1044567289555
2102.684666879158
2110.1044567289555
2102.684666879158
2110.1044567289555
2102.684666879158
2110.1044567289555
2102.684666879158
2110.1044567289555
2102.684666879158
2110.1044567289555
2102.684666879158
2110.1044567289555
2102.684666879158
2110.1044567289555
2102.684666879158
2110.1044567289555
2102.684666879158
2110.1044567289555
2102.684666879158
2110.1044567289555
2102.684666879158
2110.1044567289555
2102.684666879158
2110.1044567289555
2102.684666879158
2110.1044567289555
2102.684666879158
2110.1044567289555
2102.684666879158
2110.1044567289555
2102.684666879158
2110.1044567289555
2102.684666879158
2110.1044567289555
2102.684666879158
2110.1044567289555
2102.684666879158
2110.1044567289555
2049.1523240061215
2087.9283914939497
2041.9321845777893
2075.034565705505
2086.946910250772
2092.3056129992306
2101.4673972706746
2081.4740213434743
2079.2286319138343
2110.1044567289555
2102.684666879158
2110.1044567289555
2102.684666879158
2110.1044567289555
2102.684666879158
2110.1044567289555
2102.684666879158
2110.1044567289555
2102.684666879158
2110.1044567289555
2102.684666879158
2110.1044567289555
2102.684666879158
2110.1044567289555
2102.684666879158
2110.1044567289555
2102.684666879158
2110.1044567289555
2102.684666879158
2110.1044567289555
2102.684666879158
2110.1044567289555
2102.684666879158
2110.1044567289555
2102.684666879158
2110.1044567289555
2102.684666879158
2110.1044567289555
2102.684666879158
2110.1044567289555
2102.684666879158
2110.1044567289555
2102.684666879158
2110.1044567289555
2102.684666879158
2110.1044567289555
2102.684666879158
2110.1044567289555
2102.684666879158
2110.1044567289555
2102.684666879158
2110.1044567289555
2102.684666879158
2110.1044567289555
2102.684666879158
2110.1044567289555
2102.684666879158
2110.1044567289555
2102.684666879158
2110.1044567289555
2102.684666879158
2110.1044567289555
2102.684666879158
2110.1044567289555
2102.684666879158
2110.1044567289555
2102.684666879158
2110.1044567289555
2102.684666879158
2110.1044567289555
2102.684666879158
2110.1044567289555
2102.684666879158
2110.1044567289555
2102.684666879158
2110.1044567289555
2102.684666879158
2110.1044567289555
2102.684666879158
2110.1044567289555
2102.684666879158
2110.1044567289555
2102.684666879158
2110.1044567289555
2102.684666879158
2110.1044567289555
2102.684666879158
2110.1044567289555
2084.0598851456966
2110.1044567289555
2102.684666879158
2110.1044567289555
2102.684666879158
2110.1044567289555
2102.684666879158
2110.1044567289555
2102.684666879158
2110.1044567289555
2102.684666879158
2110.1044567289555
2049.1523240061215
2087.9283914939497
2041.9321845777893
2075.034565705505
2086.946910250772
2077.4746560813373
2101.4673972706746
2086.2785739302967
2108.527135182558
2110.1044567289555
2102.684666879158
2110.1044567289555
2102.684666879158
2110.1044567289555
2102.684666879158
2110.1044567289555
2102.684666879158
2110.1044567289555
2094.6890031022735
2110.1044567289555
2102.684666879158
2110.1044567289555
2102.684666879158
2110.1044567289555
2102.684666879158
2110.1044567289555
2094.6890031022735
2110.1044567289555
2094.6890031022735
2110.1044567289555
2094.6890031022735
2110.1044567289555
2094.6890031022735
2110.1044567289555
2094.6890031022735
2110.1044567289555
2094.6890031022735
2110.1044567289555
2094.6890031022735
2110.1044567289555
2094.6890031022735
2110.1044567289555
2094.6890031022735
2082.8062113822357
2094.6890031022735
2077.169754011443
2094.6890031022735
2077.169754011443
2094.6890031022735
2077.169754011443
2094.6890031022735
2077.169754011443
2094.6890031022735
2110.1044567289555
2094.6890031022735
2077.169754011443
2094.6890031022735
2110.1044567289555
2094.6890031022735
2110.1044567289555
2094.6890031022735
2110.1044567289555
2094.6890031022735
2110.1044567289555
2102.684666879158
2110.1044567289555
2094.6890031022735
2110.1044567289555
2094.6890031022735
2110.1044567289555
2094.6890031022735
2110.1044567289555
2094.6890031022735
2110.1044567289555
2094.6890031022735
2110.1044567289555
2102.684666879158
2110.1044567289555
2102.684666879158
2110.1044567289555
2102.684666879158
2110.1044567289555
2102.684666879158
2110.1044567289555
2102.684666879158
2110.1044567289555
2102.684666879158
2110.1044567289555
2102.684666879158
2110.1044567289555
2102.684666879158
2110.1044567289555
2102.684666879158
2110.1044567289555
2102.684666879158
2110.1044567289555
2102.684666879158
2110.1044567289555
2102.684666879158
2110.1044567289555
2049.1523240061215
2087.9283914939497
2041.9321845777893
2075.034565705505
2086.946910250772
2077.4746560813373
2101.4673972706746
2086.2785739302967
2108.527135182558
2110.1044567289555
2102.684666879158
2110.1044567289555
2102.684666879158
2110.1044567289555
2102.684666879158
2110.1044567289555
2102.684666879158
2110.1044567289555
2102.684666879158
2110.1044567289555
2102.684666879158
2110.1044567289555
2102.684666879158
2110.1044567289555
2102.684666879158
2110.1044567289555
2102.684666879158
2110.1044567289555
2102.684666879158
2110.1044567289555
2102.684666879158
2110.1044567289555
2102.684666879158
2110.1044567289555
2102.684666879158
2110.1044567289555
2102.684666879158
2110.1044567289555
2102.684666879158
2110.1044567289555
2102.684666879158
2110.1044567289555
2102.684666879158
2110.1044567289555
2102.684666879158
2110.1044567289555
2102.684666879158
2110.1044567289555
2102.684666879158
2110.1044567289555
2102.684666879158
2110.1044567289555
2102.684666879158
2110.1044567289555
2102.684666879158
2110.1044567289555
2102.684666879158
2110.1044567289555
2102.684666879158
2110.1044567289555
2102.684666879158
2110.1044567289555
2102.684666879158
2110.1044567289555
2102.684666879158
2110.1044567289555
2102.684666879158
2110.1044567289555
2102.684666879158
2110.1044567289555
2102.684666879158
2110.1044567289555
2102.684666879158
2110.1044567289555
2102.684666879158
2110.1044567289555
2102.684666879158
2110.1044567289555
2102.684666879158
2110.1044567289555
2102.684666879158
2110.1044567289555
2102.684666879158
2110.1044567289555
2102.684666879158
2110.1044567289555
2102.684666879158
2110.1044567289555
2102.684666879158
2110.1044567289555
2102.684666879158
2110.1044567289555
2102.684666879158
2110.1044567289555
2102.684666879158
2110.1044567289555
2102.684666879158
2110.1044567289555
2102.684666879158
2110.1044567289555
2049.1523240061215
2087.9283914939497
2041.9321845777893
2075.034565705505
2086.946910250772
2092.3056129992306
2101.4673972706746
2072.944398972523
2108.527135182558
2110.1044567289555
2102.684666879158
2110.1044567289555
2102.684666879158
2110.1044567289555
2102.684666879158
2110.1044567289555
2102.684666879158
2110.1044567289555
2102.684666879158
2110.1044567289555
2102.684666879158
2110.1044567289555
2102.684666879158
2110.1044567289555
2102.684666879158
2110.1044567289555
2102.684666879158
2110.1044567289555
2102.684666879158
2110.1044567289555
2102.684666879158
2110.1044567289555
2102.684666879158
2110.1044567289555
2102.684666879158
2110.1044567289555
2102.684666879158
2110.1044567289555
2102.684666879158
2110.1044567289555
2102.684666879158
2110.1044567289555
2102.684666879158
2110.1044567289555
2102.684666879158
2110.1044567289555
2102.684666879158
2110.1044567289555
2102.684666879158
2110.1044567289555
2102.684666879158
2110.1044567289555
2102.684666879158
2110.1044567289555
2102.684666879158
2110.1044567289555
2102.684666879158
2110.1044567289555
2102.684666879158
2110.1044567289555
2102.684666879158
2110.1044567289555
2102.684666879158
2110.1044567289555
2102.684666879158
2110.1044567289555
2102.684666879158
2110.1044567289555
2102.684666879158
2110.1044567289555
2102.684666879158
2110.1044567289555
2102.684666879158
2110.1044567289555
2102.684666879158
2110.1044567289555
2102.684666879158
2110.1044567289555
2102.684666879158
2110.1044567289555
2102.684666879158
2110.1044567289555
2102.684666879158
2110.1044567289555
2102.684666879158
2110.1044567289555
2102.684666879158
2110.1044567289555
2102.684666879158
2110.1044567289555
2102.684666879158
2110.1044567289555
2102.684666879158
2110.1044567289555
2102.684666879158
2110.1044567289555
2102.684666879158
2110.1044567289555
2102.684666879158
2110.1044567289555
2049.1523240061215
2087.9283914939497
2041.9321845777893
2075.034565705505
2086.946910250772
2092.3056129992306
2101.4673972706746
2072.944398972523
2108.527135182558
2110.1044567289555
2102.684666879158
2110.1044567289555
2102.684666879158
2110.1044567289555
2102.684666879158
2110.1044567289555
2102.684666879158
2110.1044567289555
2102.684666879158
2110.1044567289555
2102.684666879158
2110.1044567289555
2102.684666879158
2110.1044567289555
2102.684666879158
2110.1044567289555
2102.684666879158
2110.1044567289555
2102.684666879158
2110.1044567289555
2102.684666879158
2110.1044567289555
2102.684666879158
2110.1044567289555
2102.684666879158
2110.1044567289555
2102.684666879158
2110.1044567289555
2102.684666879158
2110.1044567289555
2102.684666879158
2110.1044567289555
2102.684666879158
2110.1044567289555
2102.684666879158
2110.1044567289555
2102.684666879158
2110.1044567289555
2102.684666879158
2110.1044567289555
2102.684666879158
2110.1044567289555
2102.684666879158
2110.1044567289555
2102.684666879158
2110.1044567289555
2102.684666879158
2110.1044567289555
2102.684666879158
2110.1044567289555
2102.684666879158
2110.1044567289555
2102.684666879158
2110.1044567289555
2102.684666879158
2110.1044567289555
2102.684666879158
2110.1044567289555
2102.684666879158
2110.1044567289555
2102.684666879158
2110.1044567289555
2102.684666879158
2110.1044567289555
2102.684666879158
2110.1044567289555
2102.684666879158
2110.1044567289555
2102.684666879158
2110.1044567289555
2102.684666879158
2110.1044567289555
2102.684666879158
2110.1044567289555
2102.684666879158
2110.1044567289555
2102.684666879158
2110.1044567289555
2102.684666879158
2110.1044567289555
2102.684666879158
2110.1044567289555
2102.684666879158
2110.1044567289555
2102.684666879158
2110.1044567289555
2102.684666879158
2110.1044567289555
2102.684666879158
2110.1044567289555
2049.1523240061215
2087.9283914939497
2041.9321845777893
2075.034565705505
2086.946910250772
2092.3056129992306
2101.4673972706746
2081.4740213434743
2084.0598851456966
2110.1044567289555
2102.684666879158
2110.1044567289555
2102.684666879158
2110.1044567289555
2102.684666879158
2110.1044567289555
2102.684666879158
2110.1044567289555
2102.684666879158
2110.1044567289555
2102.684666879158
2110.1044567289555
2102.684666879158
2110.1044567289555
2102.684666879158
2110.1044567289555
2102.684666879158
2110.1044567289555
2102.684666879158
2110.1044567289555
2102.684666879158
2110.1044567289555
2102.684666879158
2110.1044567289555
2102.684666879158
2110.1044567289555
2102.684666879158
2110.1044567289555
2102.684666879158
2110.1044567289555
2102.684666879158
2110.1044567289555
2102.684666879158
2110.1044567289555
2102.684666879158
2110.1044567289555
2102.684666879158
2110.1044567289555
2102.684666879158
2110.1044567289555
2102.684666879158
2110.1044567289555
2102.684666879158
2110.1044567289555
2102.684666879158
2110.1044567289555
2102.684666879158
2110.1044567289555
2102.684666879158
2110.1044567289555
2102.684666879158
2110.1044567289555
2102.684666879158
2110.1044567289555
2102.684666879158
2110.1044567289555
2102.684666879158
2110.1044567289555
2102.684666879158
2110.1044567289555
2102.684666879158
2110.1044567289555
2102.684666879158
2110.1044567289555
2102.684666879158
2110.1044567289555
2102.684666879158
2110.1044567289555
2102.684666879158
2110.1044567289555
2102.684666879158
2110.1044567289555
2102.684666879158
2110.1044567289555
2102.684666879158
2110.1044567289555
2102.684666879158
2110.1044567289555
2102.684666879158
2110.1044567289555
2102.684666879158
2110.1044567289555
2102.684666879158
2110.1044567289555
2102.684666879158
2110.1044567289555
2102.684666879158
2110.1044567289555
2102.684666879158
2110.1044567289555
2049.1523240061215
2087.9283914939497
2041.9321845777893
2075.034565705505
2086.946910250772
2092.3056129992306
2101.4673972706746
2072.944398972523
2084.0598851456966
2110.1044567289555
2102.684666879158
2110.1044567289555
2102.684666879158
2110.1044567289555
2102.684666879158
2110.1044567289555
2102.684666879158
2110.1044567289555
2102.684666879158
2110.1044567289555
2102.684666879158
2110.1044567289555
2102.684666879158
2110.1044567289555
2102.684666879158
2110.1044567289555
2102.684666879158
2110.1044567289555
2102.684666879158
2110.1044567289555
2102.684666879158
2110.1044567289555
2102.684666879158
2110.1044567289555
2102.684666879158
2110.1044567289555
2102.684666879158
2110.1044567289555
2102.684666879158
2110.1044567289555
2102.684666879158
2110.1044567289555
2102.684666879158
2110.1044567289555
2102.684666879158
2110.1044567289555
2102.684666879158
2110.1044567289555
2102.684666879158
2110.1044567289555
2102.684666879158
2110.1044567289555
2102.684666879158
2110.1044567289555
2102.684666879158
2110.1044567289555
2102.684666879158
2110.1044567289555
2102.684666879158
2110.1044567289555
2102.684666879158
2110.1044567289555
2102.684666879158
2110.1044567289555
2102.684666879158
2110.1044567289555
2102.684666879158
2110.1044567289555
2102.684666879158
2110.1044567289555
2102.684666879158
2110.1044567289555
2102.684666879158
2110.1044567289555
2102.684666879158
2110.1044567289555
2102.684666879158
2110.1044567289555
2102.684666879158
2110.1044567289555
2102.684666879158
2110.1044567289555
2102.684666879158
2110.1044567289555
2102.684666879158
2110.1044567289555
2102.684666879158
2110.1044567289555
2102.684666879158
2110.1044567289555
2102.684666879158
2110.1044567289555
2102.684666879158
2110.1044567289555
2102.684666879158
2110.1044567289555
2102.684666879158
2110.1044567289555
2102.684666879158
2110.1044567289555
2049.1523240061215
2087.9283914939497
2041.9321845777893
2075.034565705505
2086.946910250772
2092.3056129992306
2101.4673972706746
2072.944398972523
2084.0598851456966
2110.1044567289555
2102.684666879158
2110.1044567289555
2102.684666879158
2110.1044567289555
2102.684666879158
2110.1044567289555
2102.684666879158
2110.1044567289555
2102.684666879158
2110.1044567289555
2102.684666879158
2110.1044567289555
2102.684666879158
2110.1044567289555
2102.684666879158
2110.1044567289555
2102.684666879158
2110.1044567289555
2102.684666879158
2110.1044567289555
2102.684666879158
2110.1044567289555
2102.684666879158
2110.1044567289555
2102.684666879158
2110.1044567289555
2102.684666879158
2110.1044567289555
2102.684666879158
2110.1044567289555
2102.684666879158
2110.1044567289555
2102.684666879158
2110.1044567289555
2102.684666879158
2110.1044567289555
2102.684666879158
2110.1044567289555
2102.684666879158
2110.1044567289555
2102.684666879158
2110.1044567289555
2102.684666879158
2110.1044567289555
2102.684666879158
2110.1044567289555
2102.684666879158
2110.1044567289555
2102.684666879158
2110.1044567289555
2102.684666879158
2110.1044567289555
2102.684666879158
2110.1044567289555
2102.684666879158
2110.1044567289555
2102.684666879158
2110.1044567289555
2102.684666879158
2110.1044567289555
2102.684666879158
2110.1044567289555
2102.684666879158
2110.1044567289555
2102.684666879158
2110.1044567289555
2102.684666879158
2110.1044567289555
2102.684666879158
2110.1044567289555
2102.684666879158
2110.1044567289555
2102.684666879158
2110.1044567289555
2102.684666879158
2110.1044567289555
2102.684666879158
2110.1044567289555
2102.684666879158
2110.1044567289555
2102.684666879158
2110.1044567289555
2102.684666879158
2110.1044567289555
2102.684666879158
2110.1044567289555
2102.684666879158
2110.1044567289555
2102.684666879158
2110.1044567289555
2049.1523240061215
2087.9283914939497
2049.956040532164
2075.034565705505
2086.946910250772
2092.3056129992306
2101.4673972706746
2081.4740213434743
2084.0598851456966
2110.1044567289555
2102.684666879158
2110.1044567289555
2102.684666879158
2110.1044567289555
2102.684666879158
2110.1044567289555
2102.684666879158
2110.1044567289555
2102.684666879158
2110.1044567289555
2102.684666879158
2110.1044567289555
2102.684666879158
2110.1044567289555
2102.684666879158
2110.1044567289555
2102.684666879158
2110.1044567289555
2102.684666879158
2110.1044567289555
2102.684666879158
2110.1044567289555
2102.684666879158
2110.1044567289555
2102.684666879158
2110.1044567289555
2102.684666879158
2110.1044567289555
2102.684666879158
2110.1044567289555
2102.684666879158
2110.1044567289555
2102.684666879158
2110.1044567289555
2102.684666879158
2110.1044567289555
2102.684666879158
2110.1044567289555
2102.684666879158
2110.1044567289555
2102.684666879158
2110.1044567289555
2102.684666879158
2110.1044567289555
2102.684666879158
2110.1044567289555
2102.684666879158
2110.1044567289555
2102.684666879158
2110.1044567289555
2102.684666879158
2110.1044567289555
2102.684666879158
2110.1044567289555
2102.684666879158
2110.1044567289555
2102.684666879158
2110.1044567289555
2102.684666879158
2110.1044567289555
2102.684666879158
2110.1044567289555
2102.684666879158
2110.1044567289555
2102.684666879158
2110.1044567289555
2102.684666879158
2110.1044567289555
2102.684666879158
2110.1044567289555
2102.684666879158
2110.1044567289555
2102.684666879158
2110.1044567289555
2102.684666879158
2110.1044567289555
2102.684666879158
2110.1044567289555
2102.684666879158
2110.1044567289555
2102.684666879158
2110.1044567289555
2102.684666879158
2110.1044567289555
2102.684666879158
2110.1044567289555
2102.684666879158
2110.1044567289555
2102.684666879158
2110.1044567289555
2049.1523240061215
2087.9283914939497
2041.9321845777893
2075.034565705505
2086.946910250772
2092.3056129992306
2101.4673972706746
2072.944398972523
2084.0598851456966
2110.1044567289555
2102.684666879158
2110.1044567289555
2102.684666879158
2110.1044567289555
2102.684666879158
2110.1044567289555
2102.684666879158
2110.1044567289555
2102.684666879158
2110.1044567289555
2102.684666879158
2110.1044567289555
2102.684666879158
2110.1044567289555
2102.684666879158
2110.1044567289555
2102.684666879158
2110.1044567289555
2102.684666879158
2110.1044567289555
2102.684666879158
2110.1044567289555
2102.684666879158
2110.1044567289555
2102.684666879158
2110.1044567289555
2102.684666879158
2110.1044567289555
2102.684666879158
2110.1044567289555
2102.684666879158
2110.1044567289555
2102.684666879158
2110.1044567289555
2102.684666879158
2110.1044567289555
2102.684666879158
2110.1044567289555
2102.684666879158
2110.1044567289555
2102.684666879158
2110.1044567289555
2102.684666879158
2110.1044567289555
2102.684666879158
2110.1044567289555
2102.684666879158
2110.1044567289555
2102.684666879158
2110.1044567289555
2102.684666879158
2110.1044567289555
2102.684666879158
2110.1044567289555
2102.684666879158
2110.1044567289555
2102.684666879158
2110.1044567289555
2102.684666879158
2110.1044567289555
2102.684666879158
2110.1044567289555
2102.684666879158
2110.1044567289555
2102.684666879158
2110.1044567289555
2102.684666879158
2110.1044567289555
2102.684666879158
2110.1044567289555
2102.684666879158
2110.1044567289555
2102.684666879158
2110.1044567289555
2102.684666879158
2110.1044567289555
2102.684666879158
2110.1044567289555
2102.684666879158
2110.1044567289555
2102.684666879158
2110.1044567289555
2102.684666879158
2110.1044567289555
2102.684666879158
2110.1044567289555
2102.684666879158
2110.1044567289555
2102.684666879158
2110.1044567289555
2049.1523240061215
2087.9283914939497
2041.9321845777893
2075.034565705505
2086.946910250772
2077.4746560813373
2101.4673972706746
2081.4740213434743
2084.0598851456966
2110.1044567289555
2102.684666879158
2110.1044567289555
2102.684666879158
2110.1044567289555
2102.684666879158
2110.1044567289555
2102.684666879158
2110.1044567289555
2102.684666879158
2110.1044567289555
2102.684666879158
2110.1044567289555
2102.684666879158
2110.1044567289555
2102.684666879158
2110.1044567289555
2102.684666879158
2110.1044567289555
2102.684666879158
2110.1044567289555
2102.684666879158
2110.1044567289555
2102.684666879158
2110.1044567289555
2102.684666879158
2110.1044567289555
2102.684666879158
2110.1044567289555
2102.684666879158
2110.1044567289555
2102.684666879158
2110.1044567289555
2102.684666879158
2110.1044567289555
2102.684666879158
2110.1044567289555
2102.684666879158
2110.1044567289555
2102.684666879158
2110.1044567289555
2102.684666879158
2110.1044567289555
2102.684666879158
2110.1044567289555
2102.684666879158
2110.1044567289555
2102.684666879158
2110.1044567289555
2102.684666879158
2110.1044567289555
2102.684666879158
2110.1044567289555
2102.684666879158
2110.1044567289555
2102.684666879158
2110.1044567289555
2102.684666879158
2110.1044567289555
2102.684666879158
2110.1044567289555
2102.684666879158
2110.1044567289555
2102.684666879158
2110.1044567289555
2102.684666879158
2110.1044567289555
2102.684666879158
2110.1044567289555
2102.684666879158
2110.1044567289555
2102.684666879158
2110.1044567289555
2102.684666879158
2110.1044567289555
2102.684666879158
2110.1044567289555
2102.684666879158
2110.1044567289555
2102.684666879158
2110.1044567289555
2102.684666879158
2110.1044567289555
2102.684666879158
2110.1044567289555
2102.684666879158
2110.1044567289555
2102.684666879158
2110.1044567289555
2102.684666879158
2110.1044567289555
2049.1523240061215
2087.9283914939497
2041.9321845777893
2075.034565705505
2086.946910250772
2092.3056129992306
2101.4673972706746
2072.944398972523
2084.0598851456966
2110.1044567289555
2102.684666879158
2110.1044567289555
2102.684666879158
2110.1044567289555
2102.684666879158
2110.1044567289555
2102.684666879158
2110.1044567289555
2102.684666879158
2110.1044567289555
2102.684666879158
2110.1044567289555
2102.684666879158
2110.1044567289555
2102.684666879158
2110.1044567289555
2102.684666879158
2110.1044567289555
2102.684666879158
2110.1044567289555
2102.684666879158
2110.1044567289555
2102.684666879158
2110.1044567289555
2102.684666879158
2110.1044567289555
2102.684666879158
2110.1044567289555
2102.684666879158
2110.1044567289555
2102.684666879158
2110.1044567289555
2102.684666879158
2110.1044567289555
2102.684666879158
2110.1044567289555
2102.684666879158
2110.1044567289555
2102.684666879158
2110.1044567289555
2102.684666879158
2110.1044567289555
2102.684666879158
2110.1044567289555
2102.684666879158
2110.1044567289555
2102.684666879158
2110.1044567289555
2102.684666879158
2110.1044567289555
2102.684666879158
2110.1044567289555
2102.684666879158
2110.1044567289555
2102.684666879158
2110.1044567289555
2102.684666879158
2110.1044567289555
2102.684666879158
2110.1044567289555
2102.684666879158
2110.1044567289555
2102.684666879158
2110.1044567289555
2102.684666879158
2110.1044567289555
2102.684666879158
2110.1044567289555
2102.684666879158
2110.1044567289555
2102.684666879158
2110.1044567289555
2102.684666879158
2110.1044567289555
2102.684666879158
2110.1044567289555
2102.684666879158
2110.1044567289555
2102.684666879158
2110.1044567289555
2102.684666879158
2110.1044567289555
2102.684666879158
2110.1044567289555
2102.684666879158
2110.1044567289555
2102.684666879158
2110.1044567289555
2102.684666879158
2110.1044567289555
2049.1523240061215
2087.9283914939497
2041.9321845777893
2075.034565705505
2086.946910250772
2092.3056129992306
2101.4673972706746
2072.944398972523
2084.0598851456966
2110.1044567289555
2102.684666879158
2110.1044567289555
2102.684666879158
2110.1044567289555
2102.684666879158
2110.1044567289555
2102.684666879158
2110.1044567289555
2102.684666879158
2110.1044567289555
2102.684666879158
2110.1044567289555
2102.684666879158
2110.1044567289555
2102.684666879158
2110.1044567289555
2102.684666879158
2110.1044567289555
2102.684666879158
2110.1044567289555
2102.684666879158
2110.1044567289555
2102.684666879158
2110.1044567289555
2102.684666879158
2110.1044567289555
2102.684666879158
2110.1044567289555
2102.684666879158
2110.1044567289555
2102.684666879158
2110.1044567289555
2102.684666879158
2110.1044567289555
2102.684666879158
2110.1044567289555
2102.684666879158
2110.1044567289555
2102.684666879158
2110.1044567289555
2102.684666879158
2110.1044567289555
2102.684666879158
2110.1044567289555
2102.684666879158
2110.1044567289555
2102.684666879158
2110.1044567289555
2102.684666879158
2110.1044567289555
2102.684666879158
2110.1044567289555
2102.684666879158
2110.1044567289555
2102.684666879158
2110.1044567289555
2102.684666879158
2110.1044567289555
2102.684666879158
2110.1044567289555
2102.684666879158
2110.1044567289555
2102.684666879158
2110.1044567289555
2102.684666879158
2110.1044567289555
2102.684666879158
2110.1044567289555
2102.684666879158
2110.1044567289555
2102.684666879158
2110.1044567289555
2102.684666879158
2110.1044567289555
2102.684666879158
2110.1044567289555
2102.684666879158
2110.1044567289555
2102.684666879158
2110.1044567289555
2102.684666879158
2110.1044567289555
2102.684666879158
2110.1044567289555
2102.684666879158
2110.1044567289555
2102.684666879158
2110.1044567289555
2102.684666879158
2110.1044567289555
2049.1523240061215
2087.9283914939497
2041.9321845777893
2075.034565705505
2086.946910250772
2092.3056129992306
2101.4673972706746
2081.4740213434743
2084.0598851456966
2110.1044567289555
2102.684666879158
2110.1044567289555
2102.684666879158
2110.1044567289555
2102.684666879158
2110.1044567289555
2102.684666879158
2110.1044567289555
2102.684666879158
2110.1044567289555
2102.684666879158
2110.1044567289555
2102.684666879158
2110.1044567289555
2102.684666879158
2110.1044567289555
2102.684666879158
2110.1044567289555
2102.684666879158
2110.1044567289555
2102.684666879158
2110.1044567289555
2102.684666879158
2110.1044567289555
2102.684666879158
2110.1044567289555
2102.684666879158
2110.1044567289555
2102.684666879158
2110.1044567289555
2102.684666879158
2110.1044567289555
2102.684666879158
2110.1044567289555
2102.684666879158
2110.1044567289555
2102.684666879158
2110.1044567289555
2102.684666879158
2110.1044567289555
2102.684666879158
2110.1044567289555
2102.684666879158
2110.1044567289555
2102.684666879158
2110.1044567289555
2102.684666879158
2110.1044567289555
2102.684666879158
2110.1044567289555
2102.684666879158
2110.1044567289555
2102.684666879158
2110.1044567289555
2102.684666879158
2110.1044567289555
2102.684666879158
2110.1044567289555
2102.684666879158
2110.1044567289555
2102.684666879158
2110.1044567289555
2102.684666879158
2110.1044567289555
2102.684666879158
2110.1044567289555
2102.684666879158
2110.1044567289555
2102.684666879158
2110.1044567289555
2102.684666879158
2110.1044567289555
2102.684666879158
2110.1044567289555
2102.684666879158
2110.1044567289555
2102.684666879158
2110.1044567289555
2102.684666879158
2110.1044567289555
2102.684666879158
2110.1044567289555
2102.684666879158
2110.1044567289555
2102.684666879158
2110.1044567289555
2102.684666879158
2110.1044567289555
2102.684666879158
2110.1044567289555
2049.1523240061215
2087.9283914939497
2041.9321845777893
2075.034565705505
2086.946910250772
2092.3056129992306
2101.4673972706746
2072.944398972523
2108.527135182558
2110.1044567289555
2102.684666879158
2110.1044567289555
2102.684666879158
2110.1044567289555
2102.684666879158
2110.1044567289555
2102.684666879158
2110.1044567289555
2102.684666879158
2110.1044567289555
2102.684666879158
2110.1044567289555
2102.684666879158
2110.1044567289555
2102.684666879158
2110.1044567289555
2102.684666879158
2110.1044567289555
2102.684666879158
2110.1044567289555
2102.684666879158
2110.1044567289555
2102.684666879158
2110.1044567289555
2102.684666879158
2110.1044567289555
2102.684666879158
2110.1044567289555
2102.684666879158
2110.1044567289555
2102.684666879158
2110.1044567289555
2102.684666879158
2110.1044567289555
2102.684666879158
2110.1044567289555
2102.684666879158
2110.1044567289555
2102.684666879158
2110.1044567289555
2102.684666879158
2110.1044567289555
2102.684666879158
2110.1044567289555
2102.684666879158
2110.1044567289555
2102.684666879158
2110.1044567289555
2102.684666879158
2110.1044567289555
2102.684666879158
2110.1044567289555
2102.684666879158
2110.1044567289555
2102.684666879158
2110.1044567289555
2102.684666879158
2110.1044567289555
2102.684666879158
2110.1044567289555
2102.684666879158
2110.1044567289555
2102.684666879158
2110.1044567289555
2102.684666879158
2110.1044567289555
2102.684666879158
2110.1044567289555
2102.684666879158
2110.1044567289555
2102.684666879158
2110.1044567289555
2102.684666879158
2110.1044567289555
2102.684666879158
2110.1044567289555
2102.684666879158
2110.1044567289555
2102.684666879158
2110.1044567289555
2102.684666879158
2110.1044567289555
2102.684666879158
2110.1044567289555
2102.684666879158
2110.1044567289555
2102.684666879158
2110.1044567289555
2102.684666879158
2110.1044567289555
2049.1523240061215
2087.9283914939497
2041.9321845777893
2075.034565705505
2086.946910250772
2092.3056129992306
2101.4673972706746
2081.4740213434743
2084.0598851456966
2110.1044567289555
2102.684666879158
2110.1044567289555
2102.684666879158
2110.1044567289555
2102.684666879158
2110.1044567289555
2102.684666879158
2110.1044567289555
2102.684666879158
2110.1044567289555
2102.684666879158
2110.1044567289555
2102.684666879158
2110.1044567289555
2102.684666879158
2110.1044567289555
2102.684666879158
2110.1044567289555
2102.684666879158
2110.1044567289555
2102.684666879158
2110.1044567289555
2102.684666879158
2110.1044567289555
2102.684666879158
2110.1044567289555
2102.684666879158
2110.1044567289555
2102.684666879158
2110.1044567289555
2102.684666879158
2110.1044567289555
2102.684666879158
2110.1044567289555
2102.684666879158
2110.1044567289555
2102.684666879158
2110.1044567289555
2102.684666879158
2110.1044567289555
2102.684666879158
2110.1044567289555
2102.684666879158
2110.1044567289555
2102.684666879158
2110.1044567289555
2102.684666879158
2110.1044567289555
2102.684666879158
2110.1044567289555
2102.684666879158
2110.1044567289555
2102.684666879158
2110.1044567289555
2102.684666879158
2110.1044567289555
2102.684666879158
2110.1044567289555
2102.684666879158
2110.1044567289555
2102.684666879158
2110.1044567289555
2102.684666879158
2110.1044567289555
2102.684666879158
2110.1044567289555
2102.684666879158
2110.1044567289555
2102.684666879158
2110.1044567289555
2102.684666879158
2110.1044567289555
2102.684666879158
2110.1044567289555
2102.684666879158
2110.1044567289555
2102.684666879158
2110.1044567289555
2102.684666879158
2110.1044567289555
2102.684666879158
2110.1044567289555
2102.684666879158
2110.1044567289555
2102.684666879158
2110.1044567289555
2102.684666879158
2110.1044567289555
2102.684666879158
2110.1044567289555
2049.1523240061215
2087.9283914939497
2041.9321845777893
2075.034565705505
2086.946910250772
2077.4746560813373
2101.4673972706746
2081.4740213434743
2079.2286319138343
2110.1044567289555
2102.684666879158
2110.1044567289555
2102.684666879158
2110.1044567289555
2102.684666879158
2110.1044567289555
2102.684666879158
2110.1044567289555
2102.684666879158
2110.1044567289555
2102.684666879158
2110.1044567289555
2102.684666879158
2110.1044567289555
2102.684666879158
2110.1044567289555
2102.684666879158
2110.1044567289555
2102.684666879158
2110.1044567289555
2102.684666879158
2110.1044567289555
2102.684666879158
2110.1044567289555
2102.684666879158
2110.1044567289555
2102.684666879158
2110.1044567289555
2102.684666879158
2110.1044567289555
2102.684666879158
2110.1044567289555
2102.684666879158
2110.1044567289555
2102.684666879158
2110.1044567289555
2102.684666879158
2110.1044567289555
2102.684666879158
2110.1044567289555
2102.684666879158
2110.1044567289555
2102.684666879158
2110.1044567289555
2102.684666879158
2110.1044567289555
2102.684666879158
2110.1044567289555
2102.684666879158
2110.1044567289555
2102.684666879158
2110.1044567289555
2102.684666879158
2110.1044567289555
2102.684666879158
2110.1044567289555
2102.684666879158
2110.1044567289555
2102.684666879158
2110.1044567289555
2102.684666879158
2110.1044567289555
2102.684666879158
2110.1044567289555
2102.684666879158
2110.1044567289555
2102.684666879158
2110.1044567289555
2102.684666879158
2110.1044567289555
2102.684666879158
2110.1044567289555
2102.684666879158
2110.1044567289555
2102.684666879158
2110.1044567289555
2102.684666879158
2110.1044567289555
2102.684666879158
2110.1044567289555
2102.684666879158
2110.1044567289555
2102.684666879158
2110.1044567289555
2102.684666879158
2110.1044567289555
2102.684666879158
2110.1044567289555
2102.684666879158
2110.1044567289555
2049.1523240061215
2087.9283914939497
2041.9321845777893
2075.034565705505
2086.946910250772
2092.3056129992306
2101.4673972706746
2086.2785739302967
2108.527135182558
2110.1044567289555
2102.684666879158
2110.1044567289555
2102.684666879158
2110.1044567289555
2102.684666879158
2110.1044567289555
2102.684666879158
2110.1044567289555
2102.684666879158
2110.1044567289555
2102.684666879158
2110.1044567289555
2102.684666879158
2110.1044567289555
2102.684666879158
2110.1044567289555
2102.684666879158
2110.1044567289555
2102.684666879158
2110.1044567289555
2102.684666879158
2110.1044567289555
2102.684666879158
2110.1044567289555
2102.684666879158
2110.1044567289555
2102.684666879158
2110.1044567289555
2102.684666879158
2110.1044567289555
2102.684666879158
2110.1044567289555
2102.684666879158
2110.1044567289555
2102.684666879158
2110.1044567289555
2102.684666879158
2110.1044567289555
2102.684666879158
2110.1044567289555
2102.684666879158
2110.1044567289555
2102.684666879158
2110.1044567289555
2102.684666879158
2110.1044567289555
2102.684666879158
2110.1044567289555
2102.684666879158
2110.1044567289555
2102.684666879158
2110.1044567289555
2102.684666879158
2110.1044567289555
2102.684666879158
2110.1044567289555
2102.684666879158
2110.1044567289555
2102.684666879158
2110.1044567289555
2102.684666879158
2110.1044567289555
2102.684666879158
2110.1044567289555
2102.684666879158
2110.1044567289555
2102.684666879158
2110.1044567289555
2102.684666879158
2110.1044567289555
2102.684666879158
2110.1044567289555
2102.684666879158
2110.1044567289555
2102.684666879158
2110.1044567289555
2102.684666879158
2110.1044567289555
2102.684666879158
2110.1044567289555
2102.684666879158
2110.1044567289555
2102.684666879158
2110.1044567289555
2102.684666879158
2110.1044567289555
2102.684666879158
2110.1044567289555
2102.684666879158
2110.1044567289555
2049.1523240061215
2087.9283914939497
2041.9321845777893
2075.034565705505
2086.946910250772
2092.3056129992306
2101.4673972706746
2086.2785739302967
2108.527135182558
2110.1044567289555
2102.684666879158
2110.1044567289555
2102.684666879158
2110.1044567289555
2102.684666879158
2110.1044567289555
2102.684666879158
2110.1044567289555
2102.684666879158
2110.1044567289555
2102.684666879158
2110.1044567289555
2102.684666879158
2110.1044567289555
2102.684666879158
2110.1044567289555
2102.684666879158
2110.1044567289555
2102.684666879158
2110.1044567289555
2102.684666879158
2110.1044567289555
2102.684666879158
2110.1044567289555
2102.684666879158
2110.1044567289555
2102.684666879158
2110.1044567289555
2102.684666879158
2110.1044567289555
2102.684666879158
2110.1044567289555
2102.684666879158
2110.1044567289555
2102.684666879158
2110.1044567289555
2102.684666879158
2110.1044567289555
2102.684666879158
2110.1044567289555
2102.684666879158
2110.1044567289555
2102.684666879158
2110.1044567289555
2102.684666879158
2110.1044567289555
2102.684666879158
2110.1044567289555
2102.684666879158
2110.1044567289555
2102.684666879158
2110.1044567289555
2102.684666879158
2110.1044567289555
2102.684666879158
2110.1044567289555
2102.684666879158
2110.1044567289555
2102.684666879158
2110.1044567289555
2102.684666879158
2110.1044567289555
2102.684666879158
2110.1044567289555
2102.684666879158
2110.1044567289555
2102.684666879158
2110.1044567289555
2102.684666879158
2110.1044567289555
2102.684666879158
2110.1044567289555
2102.684666879158
2110.1044567289555
2102.684666879158
2110.1044567289555
2102.684666879158
2110.1044567289555
2102.684666879158
2110.1044567289555
2102.684666879158
2110.1044567289555
2102.684666879158
2110.1044567289555
2102.684666879158
2110.1044567289555
2102.684666879158
2110.1044567289555
2102.684666879158
2110.1044567289555
2049.1523240061215
2087.9283914939497
2041.9321845777893
2075.034565705505
2086.946910250772
2092.3056129992306
2101.4673972706746
2086.2785739302967
2108.527135182558
2110.1044567289555
2102.684666879158
2110.1044567289555
2102.684666879158
2110.1044567289555
2102.684666879158
2110.1044567289555
2102.684666879158
2110.1044567289555
2102.684666879158
2110.1044567289555
2102.684666879158
2110.1044567289555
2102.684666879158
2110.1044567289555
2102.684666879158
2110.1044567289555
2102.684666879158
2110.1044567289555
2102.684666879158
2110.1044567289555
2102.684666879158
2110.1044567289555
2102.684666879158
2110.1044567289555
2102.684666879158
2110.1044567289555
2102.684666879158
2110.1044567289555
2102.684666879158
2110.1044567289555
2102.684666879158
2110.1044567289555
2102.684666879158
2110.1044567289555
2102.684666879158
2110.1044567289555
2102.684666879158
2110.1044567289555
2102.684666879158
2110.1044567289555
2102.684666879158
2110.1044567289555
2102.684666879158
2110.1044567289555
2102.684666879158
2110.1044567289555
2102.684666879158
2110.1044567289555
2102.684666879158
2110.1044567289555
2102.684666879158
2110.1044567289555
2102.684666879158
2110.1044567289555
2102.684666879158
2110.1044567289555
2102.684666879158
2110.1044567289555
2102.684666879158
2110.1044567289555
2102.684666879158
2110.1044567289555
2102.684666879158
2110.1044567289555
2102.684666879158
2110.1044567289555
2102.684666879158
2110.1044567289555
2102.684666879158
2110.1044567289555
2102.684666879158
2110.1044567289555
2102.684666879158
2110.1044567289555
2102.684666879158
2110.1044567289555
2102.684666879158
2110.1044567289555
2102.684666879158
2110.1044567289555
2102.684666879158
2110.1044567289555
2102.684666879158
2110.1044567289555
2102.684666879158
2110.1044567289555
2102.684666879158
2110.1044567289555
2102.684666879158
2110.1044567289555
2049.1523240061215
2087.9283914939497
2041.9321845777893
2075.034565705505
2086.946910250772
2092.3056129992306
2101.4673972706746
2072.944398972523
2108.527135182558
2110.1044567289555
2102.684666879158
2110.1044567289555
2102.684666879158
2110.1044567289555
2102.684666879158
2110.1044567289555
2102.684666879158
2110.1044567289555
2102.684666879158
2110.1044567289555
2102.684666879158
2110.1044567289555
2102.684666879158
2110.1044567289555
2102.684666879158
2110.1044567289555
2102.684666879158
2110.1044567289555
2102.684666879158
2110.1044567289555
2102.684666879158
2110.1044567289555
2102.684666879158
2110.1044567289555
2102.684666879158
2110.1044567289555
2102.684666879158
2110.1044567289555
2102.684666879158
2110.1044567289555
2102.684666879158
2110.1044567289555
2102.684666879158
2110.1044567289555
2102.684666879158
2110.1044567289555
2102.684666879158
2110.1044567289555
2102.684666879158
2110.1044567289555
2102.684666879158
2110.1044567289555
2102.684666879158
2110.1044567289555
2102.684666879158
2110.1044567289555
2102.684666879158
2110.1044567289555
2102.684666879158
2110.1044567289555
2102.684666879158
2110.1044567289555
2102.684666879158
2110.1044567289555
2102.684666879158
2110.1044567289555
2102.684666879158
2110.1044567289555
2102.684666879158
2110.1044567289555
2102.684666879158
2110.1044567289555
2102.684666879158
2110.1044567289555
2102.684666879158
2110.1044567289555
2102.684666879158
2110.1044567289555
2102.684666879158
2110.1044567289555
2102.684666879158
2110.1044567289555
2102.684666879158
2110.1044567289555
2102.684666879158
2110.1044567289555
2102.684666879158
2110.1044567289555
2102.684666879158
2110.1044567289555
2102.684666879158
2110.1044567289555
2102.684666879158
2110.1044567289555
2102.684666879158
2110.1044567289555
2102.684666879158
2110.1044567289555
2102.684666879158
2110.1044567289555
2049.1523240061215
2087.9283914939497
2041.9321845777893
2075.034565705505
2086.946910250772
2077.4746560813373
2101.4673972706746
2072.944398972523
2084.0598851456966
2110.1044567289555
2102.684666879158
2110.1044567289555
2102.684666879158
2110.1044567289555
2102.684666879158
2110.1044567289555
2102.684666879158
2110.1044567289555
2102.684666879158
2110.1044567289555
2102.684666879158
2110.1044567289555
2102.684666879158
2110.1044567289555
2102.684666879158
2110.1044567289555
2102.684666879158
2110.1044567289555
2102.684666879158
2110.1044567289555
2102.684666879158
2110.1044567289555
2102.684666879158
2110.1044567289555
2102.684666879158
2110.1044567289555
2102.684666879158
2110.1044567289555
2102.684666879158
2110.1044567289555
2102.684666879158
2110.1044567289555
2102.684666879158
2110.1044567289555
2102.684666879158
2110.1044567289555
2102.684666879158
2110.1044567289555
2102.684666879158
2110.1044567289555
2102.684666879158
2110.1044567289555
2102.684666879158
2110.1044567289555
2102.684666879158
2110.1044567289555
2102.684666879158
2110.1044567289555
2102.684666879158
2110.1044567289555
2102.684666879158
2110.1044567289555
2102.684666879158
2110.1044567289555
2102.684666879158
2110.1044567289555
2102.684666879158
2110.1044567289555
2102.684666879158
2110.1044567289555
2102.684666879158
2110.1044567289555
2102.684666879158
2110.1044567289555
2102.684666879158
2110.1044567289555
2102.684666879158
2110.1044567289555
2102.684666879158
2110.1044567289555
2102.684666879158
2110.1044567289555
2102.684666879158
2110.1044567289555
2102.684666879158
2110.1044567289555
2102.684666879158
2110.1044567289555
2102.684666879158
2110.1044567289555
2102.684666879158
2110.1044567289555
2102.684666879158
2110.1044567289555
2102.684666879158
2110.1044567289555
2102.684666879158
2110.1044567289555
2102.684666879158
2110.1044567289555
